Reliability
0.040000003
0.07874027
0.07852777
0.07920795
0.07920795
0.07920795
0.07920795
0.0795822
0.07867252
0.07867252
0.07867252
0.07867252
0.07847965
0.07847965
0.07847965
0.07847965
0.07847965
0.07847965
0.07847965
0.07853741
0.07853741
0.07853741
0.07853741
0.0787209
0.0787209
0.0787209
0.0787209
0.0787209
0.0787209
0.0787209
0.1164009
0.1164009
0.1164009
0.1164009
0.1164009
0.11662766
0.11662766
0.11662766
0.11662766
0.11662766
0.11662766
0.11662766
0.11662766
0.11662766
0.11662766
0.11662766
0.11662766
0.11662766
0.11662766
0.11662766
0.11662766
0.11662766
0.11662766
0.11662766
0.11662766
0.11662766
0.11662766
0.11662766
0.11662766
0.11662766
0.11662766
0.11653193
0.11653193
0.11653193
0.11653193
0.11653193
0.11653193
0.11653193
0.11653193
0.11653193
0.11653193
0.11653193
0.1165803
0.1165803
0.1165803
0.1165803
0.1165803
0.1165803
0.1165803
0.1165803
0.1165803
0.1165803
0.1165803
0.1165803
0.1165803
0.1165803
0.1165803
0.1165803
0.1165803
0.1165803
0.1165803
0.1165803
0.1165803
0.1165803
0.1165803
0.1165803
0.1165803
0.1165803
0.1165803
0.1165803
0.1165803
0.1165803
0.1165803
0.1165803
0.1165803
0.1165803
0.1165803
0.1165803
0.1165803
0.1165803
0.1165803
0.1165803
0.1165803
0.1165803
0.1165803
0.1165803
0.1165803
0.1165803
0.1165803
0.1165803
0.116657816
0.116657816
0.116657816
0.116657816
0.116657816
0.116657816
0.116657816
0.116657816
0.116657816
0.116657816
0.116657816
0.116657816
0.116657816
0.116657816
0.116657816
0.116657816
0.116657816
0.116657816
0.116657816
0.116657816
0.116657816
0.116657816
0.116657816
0.116657816
0.116657816
0.116657816
0.116657816
0.11656206
0.11656206
0.11656206
0.11656206
0.11656206
0.11656206
0.11656206
0.11656206
0.11656206
0.11656206
0.11656206
0.11656206
0.11656206
0.11656206
0.11656206
0.11656206
0.11656206
0.11656206
0.11656206
0.11656206
0.11656206
0.11656206
0.11656206
0.11656206
0.11656206
0.11656206
0.11656206
0.11656206
0.11656206
0.11656206
0.11656206
0.11656206
0.11656206
0.11656206
0.11656206
0.11656206
0.11656206
0.11656206
0.11656206
0.11656206
0.11656206
0.11656206
0.11656206
0.11656206
0.11656206
0.11656206
0.11656206
0.11656206
0.11656206
0.11656206
0.11656206
0.11656206
0.11656206
0.11656206
0.11656206
0.11656206
0.11656206
0.11656206
0.11656206
0.11656206
0.11656206
0.11656206
0.11656206
0.11656206
0.11656206
0.11656206
0.11656206
0.11656206
0.11656206
0.11656206
0.11656206
0.11656206
0.11656206
0.11656206
0.11656206
0.11656206
0.11656206
0.11656206
0.11656206
0.11656206
0.11656206
0.11656206
0.11656206
0.11656206
0.11656206
0.11656206
0.11656206
0.11656206
0.11656206
0.11656206
0.11656206
0.11656206
0.11656206
0.11656206
0.11656206
0.11656206
0.11656206
0.11656206
0.11656206
0.116678484
0.116678484
0.116678484
0.116678484
0.11672578
0.11672578
0.11672578
0.15425536
0.15425536
0.15425536
0.15425536
0.15425536
0.1913651
0.1913651
0.19187889
0.19187889
0.23020726
0.23020726
0.23020726
0.23020726
0.23020726
0.23020726
0.23020726
0.23020726
0.23020726
0.23020726
0.23020726
0.23020726
0.23020726
0.23020726
0.23020726
0.23020726
0.23020726
0.23020726
0.23020726
0.23020726
0.23020726
0.23020726
0.23020726
0.23055574
0.23055574
0.23060268
0.23060268
0.23060268
0.23060268
0.23060268
0.23060268
0.23064968
0.23064968
0.23064968
0.23064968
0.23064968
0.23064968
0.2317663
0.2317663
0.2317663
0.2317663
0.2317663
0.2317663
0.2317663
0.2317663
0.2317663
0.2317663
0.2317663
0.2317663
0.2317663
0.2317663
0.2317663
0.2317663
0.2317663
0.2317663
0.2317663
0.2317663
0.2317663
0.2317663
0.2317663
0.2317663
0.2317663
0.2317663
0.2317663
0.2317663
0.2317663
0.2317663
0.2317663
0.2317663
0.2317663
0.2317663
0.2317663
0.2317663
0.2317663
0.2317663
0.2317663
0.2317663
0.2317663
0.2317663
0.2317663
0.2317663
0.2317663
0.2317663
0.2317663
0.2317663
0.2317663
0.2685068
0.2685068
0.2685068
0.2685068
0.2685068
0.2685068
0.2685068
0.2685068
0.2685068
0.30669892
0.30669892
0.30669892
0.30669892
0.30669892
0.30669892
0.30669892
0.30669892
0.30669892
0.30669892
0.3436605
0.3436605
0.3436605
0.3436605
0.3436605
0.3436605
0.3436605
0.3436605
0.3436605
0.3436605
0.34370705
0.34370705
0.34370705
0.34370705
0.34370705
0.34370705
0.34370705
0.34370705
0.3437806
0.38053948
0.3806327
0.3806327
0.3806327
0.42063272
0.42063272
0.42063272
0.42063272
0.42063272
0.42063272
0.42063272
0.42063272
0.42063272
0.42063272
0.42063272
0.42063272
0.42063272
0.45797512
0.45797512
0.45797512
0.45797512
0.45797512
0.45797512
0.45797512
0.45797512
0.45797512
0.45797512
0.45797512
0.45797512
0.45797512
0.45797512
0.45797512
0.45797512
0.45797512
0.45797512
0.45797512
0.45797512
0.45797512
0.45797512
0.45797512
0.45797512
0.45797512
0.45797512
0.45797512
0.45797512
0.45797512
0.45797512
0.45797512
0.45797512
0.45797512
0.45797512
0.45797512
0.45797512
0.4822659
0.4822659
0.4822659
0.4822659
0.48234066
0.48234066
0.4826003
0.4826003
0.4826003
0.4826003
0.48271272
0.48271272
0.48271272
0.48271272
0.48271272
0.48271272
0.48271272
0.48271272
0.48271272
0.48271272
0.48271272
0.48271272
0.48271272
0.48271272
0.48286027
0.48286027
0.48286027
0.48286027
0.48286027
0.49506283
0.49506283
0.49506283
0.49506283
0.49506283
0.49506283
0.49506283
0.49506283
0.49506283
0.49506283
0.49506283
0.49506283
0.49506283
0.49506283
0.49506283
0.49506283
0.49506283
0.49506283
0.49506283
0.49506283
0.49506283
0.49506283
0.49506283
0.49506283
0.49506283
0.49506283
0.49506283
0.49506283
0.49506283
0.49506283
0.49506283
0.49506283
0.49506283
0.49506283
0.49506283
0.49506283
0.532154
0.532154
0.532154
0.532154
0.532154
0.532154
0.532154
0.532154
0.532154
0.532154
0.532154
0.532154
0.532154
0.532154
0.532154
0.532154
0.532154
0.532154
0.532154
0.532154
0.532154
0.532154
0.532154
0.532154
0.532154
0.532154
0.532154
0.532154
0.532154
0.532154
0.532154
0.532154
0.532154
0.532154
0.532154
0.532154
0.532154
0.532154
0.532154
0.532154
0.532154
0.532154
0.532154
0.532154
0.5322099
0.5322099
0.5322099
0.5322099
0.5322099
0.5322099
0.5322099
0.5322099
0.5322099
0.5322099
0.5322099
0.5322099
0.5322099
0.5322099
0.5322099
0.5322099
0.5322099
0.5322099
0.5322099
0.5322099
0.5322099
0.5322099
0.5322099
0.5322099
0.5322099
0.5322099
0.5322099
0.5322099
0.5322099
0.5322099
0.5322099
0.5322099
0.5322099
0.5322099
0.5322099
0.5322099
0.5322099
0.5324218
0.5324218
0.5324218
0.5324218
0.5324218
0.5324218
0.5324218
0.5324218
0.5324218
0.5324218
0.5324218
0.5324218
0.5324218
0.5324218
0.5324218
0.5324218
0.5324218
0.5324218
0.5324218
0.5324218
0.5324218
0.5324218
0.5324218
0.5324218
0.5324218
0.5324218
0.5324218
0.5324218
0.5324218
0.5324218
0.5324218
0.5324218
0.5324218
0.5324675
0.5324675
0.5324675
0.5324675
0.5324675
0.5324675
0.5324675
0.5324675
0.5325727
0.5325727
0.5325727
0.5325727
0.5325727
0.5325727
0.5325727
0.5325727
0.5325727
0.5325727
0.5325727
0.5325727
0.5325727
0.5325727
0.5325727
0.5325727
0.5325727
0.5325727
0.5325727
0.5325727
0.5325727
0.5325727
0.5325727
0.5325727
0.5325727
0.5325727
0.5325727
0.5325727
0.5325727
0.5325727
0.5325727
0.5325727
0.5325727
0.5325727
0.53266686
0.53266686
0.53266686
0.53266686
0.53266686
0.53266686
0.53266686
0.53266686
0.53266686
0.53266686
0.53266686
0.53266686
0.53266686
0.53266686
0.53266686
0.53266686
0.53266686
0.53266686
0.53266686
0.53266686
0.53266686
0.53266686
0.53266686
0.53266686
0.53266686
0.53266686
0.53266686
0.53266686
0.53266686
0.53266686
0.53266686
0.53266686
0.53266686
0.53266686
0.532695
0.532695
0.532695
0.532807
0.532807
0.532807
0.532807
0.532807
0.532807
0.532807
0.532807
0.532807
0.532807
0.532807
0.532807
0.532807
0.532807
0.532807
0.532807
0.532807
0.532807
0.532807
0.532807
0.532807
0.532807
0.532807
0.532807
0.532807
0.532807
0.532807
0.532807
0.532807
0.532807
0.532807
0.532807
0.532807
0.532807
0.532807
0.532807
0.532807
0.532807
0.53284395
0.53284395
0.53284395
0.53284395
0.53284395
0.53284395
0.53284395
0.53284395
0.53284395
0.53284395
0.53284395
0.53284395
0.53284395
0.53284395
0.53284395
0.53284395
0.53284395
0.53284395
0.53284395
0.53284395
0.53284395
0.53284395
0.53284395
0.53300303
0.53300303
0.533177
0.533177
0.533177
0.533177
0.533177
0.533177
0.533177
0.533177
0.533177
0.533177
0.533177
0.533177
0.533177
0.533177
0.533177
0.533177
0.533177
0.533177
0.533177
0.533177
0.533177
0.533177
0.533177
0.533177
0.533177
0.533177
0.533177
0.533177
0.533177
0.533177
0.533177
0.533177
0.533177
0.533177
0.533177
0.533177
0.533177
0.533177
0.533177
0.533177
0.533177
0.533177
0.533177
0.533177
0.533177
0.533177
0.533177
0.533177
0.533177
0.533177
0.533177
0.533177
0.533177
0.533177
0.533177
0.533177
0.533177
0.533177
0.533177
0.533177
0.533177
0.533177
0.533177
0.533177
0.533177
0.533177
0.533177
0.533177
0.533177
0.533177
0.533177
0.5331955
0.5331955
0.5331955
0.5331955
0.5331955
0.5331955
0.5331955
0.5331955
0.5699176
0.5699176
0.5699176
0.5699176
0.5699176
0.5699176
0.5699176
0.5699176
0.5699176
0.5699176
0.60991764
0.60991764
0.6099819
0.6099819
0.6099819
0.6099819
0.6099819
0.6099819
0.6099819
0.6099819
0.6099819
0.6099819
0.6099819
0.6099819
0.6099819
0.6099819
0.6099819
0.6099819
0.6099819
0.6099819
0.6099819
0.6099819
0.6099819
0.6099819
0.6099819
0.6099819
0.6099819
0.6099819
0.6099819
0.6099819
0.6099819
0.6099819
0.6099819
0.6099819
0.6101663
0.6101663
0.6101663
0.6101663
0.6101663
0.6101663
0.6101663
0.6101663
0.6101663
0.6101663
0.6101663
0.6101663
0.6101663
0.6101663
0.6101663
0.6101663
0.6101663
0.6101663
0.6101663
0.6101663
0.6101663
0.6101663
0.6101663
0.6101663
0.6101663
0.6101663
0.6101663
0.6101663
0.6101663
0.6101663
0.6101663
0.6101663
0.6101663
0.6101663
0.6101663
0.6101663
0.6101663
0.6101663
0.6101663
0.6101663
0.6101663
0.6101663
0.6101663
0.6101663
0.6101663
0.6101663
0.6101663
0.6101663
0.6101663
0.6101663
0.6101663
0.6101663
0.6101663
0.6101663
0.6101663
0.6101663
0.6101663
0.6101663
0.6101663
0.6101663
0.6101663
0.6101663
0.6101663
0.6101663
0.6101663
0.6101663
0.6101663
0.6101663
0.6101663
0.6101663
0.6101663
0.6501663
0.6501663
0.6501663
0.6501663
0.6501663
0.6501663
0.6501663
0.6501663
0.6501663
0.6501663
0.6501663
0.6501663
0.65102065
0.65102065
0.65102065
0.65102065
0.65102065
0.65102065
0.65102065
0.65102065
0.65102065
0.65102065
0.65102065
0.65102065
0.65102065
0.65102065
0.65102065
0.65102065
0.65102065
0.65177596
0.65177596
0.65177596
0.65177596
0.65177596
0.65177596
0.65177596
0.65177596
0.65177596
0.65177596
0.65177596
0.65177596
0.65177596
0.65177596
0.65177596
0.65177596
0.65177596
0.65177596
0.65177596
0.65177596
0.65177596
0.65177596
0.65177596
0.65177596
0.65177596
0.65177596
0.65177596
0.65177596
0.65177596
0.65177596
0.65177596
0.65177596
0.65177596
0.65177596
0.65177596
0.65177596
0.65177596
0.65177596
0.65177596
0.65177596
0.65177596
0.65177596
0.65177596
0.6517856
0.6517856
0.6517856
0.6517856
0.6517856
0.6517856
0.6517856
0.6517856
0.6517856
0.6517856
0.6517856
0.6517856
0.6517856
0.6517856
0.6517856
0.6517856
0.6517856
0.6517856
0.6517856
0.6517856
0.6517856
0.6517856
0.6517856
0.6517856
0.6517856
0.6517856
0.6517856
0.6517856
0.6517856
0.6517856
0.6517856
0.6517856
0.6517856
0.6517856
0.6517856
0.6517856
0.6517856
0.6517856
0.6517856
0.6517856
0.6517856
0.6517856
0.6517856
0.6517856
0.6517856
0.6517856
0.6517856
0.6517856
0.6517856
0.6517856
0.6517856
0.6517856
0.6517856
0.6517856
0.6517856
0.6517856
0.6517856
0.6517856
0.6517856
0.6517856
0.6517856
0.6517856
0.6517856
0.6517856
0.6517856
0.6517856
0.6517856
0.6517856
0.6517856
0.6517856
0.6517856
0.6517856
0.6517856
0.6517856
0.6517856
0.6517856
0.6517856
0.6517856
0.6517856
0.6517856
0.6517856
0.6517856
0.6517856
0.6517856
0.6517856
0.6517856
0.6517856
0.6517856
0.6517856
0.6517856
0.6517856
0.6517856
0.6517856
0.6517856
0.6517856
0.6517856
0.6517856
0.6517856
0.6517856
0.6517856
0.6517856
0.6517856
0.6517856
0.6517856
0.6517856
0.6517856
0.6517856
0.6517856
0.6517856
0.6517856
0.6517856
0.6517856
0.6517856
0.6517856
0.6517856
0.6517856
0.6517856
0.6517856
0.6517856
0.6517856
0.6517856
0.6517856
0.6517856
0.6517856
0.6517856
0.6517856
0.6517856
0.6517856
0.6517856
0.6517856
0.6517856
0.6517856
0.6517856
0.6517856
0.6517856
0.6517856
0.6517856
0.65220124
0.65220124
0.65220124
0.65220124
0.65220124
0.65220124
0.65220124
0.65220124
0.652267
0.652267
0.652267
0.652267
0.652267
0.652267
0.652267
0.652267
0.652267
0.652267
0.652267
0.652267
0.652267
0.652267
0.652267
0.652267
0.652267
0.652267
0.652267
0.652267
0.652267
0.652267
0.652267
0.652267
0.652267
0.652267
0.65270644
0.65270644
0.65270644
0.65270644
0.65270644
0.65270644
0.65270644
0.65270644
0.65270644
0.65270644
0.65270644
0.65270644
0.65270644
0.65270644
0.65270644
0.65270644
0.65270644
0.65270644
0.65270644
0.65270644
0.65270644
0.65270644
0.6529562
0.6529562
0.6529562
0.6529562
0.6529562
0.6529562
0.6529562
0.6529562
0.6529562
0.6529562
0.6529562
0.6529562
0.6529562
0.6529562
0.6529562
0.6529562
0.6529562
0.6529562
0.6529562
0.6529562
0.6529562
0.6529562
0.6529562
0.6529562
0.6529562
0.6529562
0.6529562
0.6529562
0.6529562
0.6529562
0.6529562
0.6529562
0.6529562
0.6529562
0.6529562
0.6529562
0.6529562
0.6529562
0.6529562
0.6529562
0.6529562
0.6529562
0.6529562
0.6529562
0.6529562
0.6529562
0.6529562
0.6529562
0.6529562
0.6529562
0.65300393
0.6531154
0.6531154
0.6531154
0.6531154
0.6531154
0.6531154
0.6531154
0.6531154
0.6531154
0.6531154
0.6531154
0.6531154
0.6531154
0.6531154
0.6531154
0.6531154
0.6531154
0.6531154
0.6531154
0.6531154
0.6531154
0.6531154
0.6531154
0.6531154
0.6531154
0.6531154
0.6531154
0.6531154
0.6531154
0.6531154
0.6531154
0.6531154
0.6531154
0.6531154
0.6531154
0.6531154
0.6531154
0.6531154
0.6531154
0.6531154
0.6531154
0.6531154
0.6531154
0.6531154
0.6531154
0.6531154
0.6531154
0.6531154
0.6531154
0.6531154
0.6531154
0.6531154
0.6531154
0.6531154
0.6531154
0.6531154
0.6531154
0.6531154
0.6531154
0.6531154
0.6531154
0.6531154
0.6531154
0.6531154
0.6531154
0.6531154
0.6531154
0.6531154
0.6531154
0.6531154
0.6531154
0.6531154
0.6531154
0.6531154
0.6531154
0.6531154
0.6531154
0.6531154
0.6531154
0.6531154
0.6531154
0.6531154
0.6531154
0.6531154
0.6531154
0.6531154
0.6531154
0.6531154
0.6531154
0.6531154
0.6531154
0.6531154
0.6531154
0.6531154
0.6531154
0.6531154
0.6531154
0.6531154
0.6531154
0.6531154
0.6531154
0.6531154
0.6531154
0.6531154
0.6531154
0.6531154
0.6531154
0.6531154
0.6531154
0.6531154
0.6531154
0.6531154
0.6531154
0.6531154
0.6531154
0.6531154
0.6531154
0.6531154
0.6531154
0.6531154
0.6531154
0.6531154
0.6531154
0.6531154
0.6531154
0.6531154
0.6531154
0.6531154
0.6531154
0.6531154
0.6531154
0.6531346
0.6531346
0.6531346
0.6531346
0.6531346
0.6531346
0.6531346
0.6531346
0.6531346
0.6531346
0.6531346
0.6531346
0.6531346
0.6531346
0.6531346
0.6531346
0.6531346
0.6531346
0.6531346
0.6531346
0.6531346
0.6531346
0.6531346
0.6531346
0.6531346
0.6531346
0.6531346
0.6531346
0.6531346
0.6531346
0.6531346
0.6531346
0.6531346
0.6531346
0.6531346
0.6531346
0.6531346
0.6531346
0.6531346
0.6531346
0.6531346
0.6531346
0.6531346
0.6531346
0.6531346
0.6531346
0.6531346
0.6531346
0.6531346
0.6531346
0.6531346
0.6531346
0.6531346
0.6531346
0.6531346
0.6531346
0.6531346
0.6531346
0.6531346
0.6531346
0.6531346
0.6531346
0.6531346
0.6531346
0.6531346
0.6531346
0.6531346
0.6531346
0.6531346
0.6531346
0.6531346
0.6531346
0.6531346
0.6531346
0.6531346
0.6531346
0.6531346
0.6531346
0.6531346
0.6531346
0.6531346
0.6531346
0.6531346
0.6531346
0.6531346
0.6531346
0.6531346
0.6531346
0.6531346
0.6531346
0.6531346
0.6531346
0.6531346
0.6531346
0.6531346
0.6531346
0.6531346
0.6531346
0.6531346
0.6531346
0.6531346
0.6531346
0.6531346
0.6531346
0.6531346
0.6531346
0.6531346
0.6531346
0.6531346
0.6531346
0.6531346
0.6531346
0.6531346
0.6531346
0.6531346
0.6531346
0.6531346
0.6531346
0.6531346
0.6531346
0.6531346
0.6531346
0.6531346
0.6531346
0.6531346
0.6531346
0.6531346
0.6531346
0.6531346
0.6531346
0.6531346
0.6531346
0.6531346
0.6531346
0.6531346
0.6531346
0.6531346
0.6531346
0.6531346
0.6531346
0.6531346
0.6531346
0.6531346
0.6531346
0.6531346
0.6531346
0.6531346
0.6531346
0.6531346
0.6531346
0.6531346
0.6531346
0.6531346
0.6531346
0.6531346
0.6531346
0.6531346
0.6531346
0.6531346
0.6531346
0.6531346
0.6531346
0.6531346
0.6531346
0.6531346
0.6531346
0.6531346
0.6531346
0.6531346
0.6531346
0.6531346
0.6531346
0.6531346
0.6531346
0.6531346
0.6531346
0.6531346
0.6531346
0.6531346
0.6531346
0.6531346
0.6531346
0.6531346
0.6531346
0.6531346
0.6531346
0.6531346
0.6531346
0.6531346
0.6531346
0.6531346
0.6531346
0.6531346
0.6531346
0.6531346
0.6531346
0.6531346
0.6531346
0.6531346
0.6531346
0.6531346
0.6531346
0.6531346
0.6531346
0.6531346
0.6531346
0.6531346
0.6531346
0.6531346
0.6531346
0.6531346
0.6531346
0.6531346
0.6531346
0.6531346
0.6531346
0.6531346
0.6531346
0.6531346
0.6531346
0.6531346
0.6531346
0.6531346
0.6531346
0.6531346
0.6531346
0.6531346
0.6532693
0.6532693
0.6532693
0.6532693
0.6532693
0.6532693
0.6532693
0.6532693
0.6532693
0.6532693
0.6532693
0.6532693
0.6532693
0.6532693
0.6532693
0.6532693
0.6532693
0.6532693
0.6532693
0.6532885
0.6532885
0.6532885
0.6532885
0.6532885
0.6532885
0.6532885
0.6532885
0.6532885
0.6532885
0.6532885
0.6532885
0.6532885
0.6532885
0.6532885
0.6532885
0.6532885
0.6532885
0.6532885
0.6532885
0.6532885
0.6532885
0.6532885
0.6532885
0.6532885
0.6532885
0.6532885
0.6532885
0.6532885
0.6532885
0.6532885
0.6532885
0.6532885
0.6532885
0.6532885
0.6532885
0.6532885
0.6532885
0.6532885
0.6532885
0.6532885
0.6532885
0.6532885
0.6532885
0.6532885
0.6532885
0.6532885
0.6532885
0.6532885
0.6532885
0.6532885
0.6532885
0.6532885
0.6532885
0.6532885
0.6532885
0.6532885
0.6532885
0.6532885
0.6532885
0.6532885
0.6532885
0.6532885
0.6532885
0.6532885
0.6532885
0.6532885
0.6532885
0.6532885
0.6532885
0.6532885
0.6532885
0.6532885
0.6532885
0.6532885
0.6532885
0.6532885
0.6532885
0.6532885
0.6532885
0.6532885
0.6532885
0.6532885
0.6532885
0.6532885
0.6532885
0.6532885
0.6532885
0.6532885
0.6532885
0.6532885
0.6532885
0.6532885
0.6532885
0.6532885
0.6532885
0.6532885
0.6532885
0.6532885
0.6532885
0.6532885
0.6532885
0.6532885
0.6532885
0.6532885
0.6532885
0.6532885
0.6532885
0.6532885
0.6532885
0.6532885
0.6532885
0.6532885
0.6532885
0.6532885
0.6532885
0.6532885
0.6532885
0.6532885
0.6532885
0.6532885
0.6532885
0.6532885
0.6532885
0.6532885
0.6532885
0.6532885
0.6532885
0.6532885
0.6532885
0.6532885
0.6532885
0.6532885
0.6532885
0.6532885
0.6532885
0.6532885
0.6532885
0.6532885
0.6532885
0.6532885
0.6532885
0.6532885
0.6532885
0.6532885
0.6532885
0.6532885
0.6532885
0.6532885
0.6532885
0.6532885
0.6532885
0.6532885
0.6532885
0.6532885
0.6532885
0.6532885
0.6532885
0.6532885
0.6532885
0.6532885
0.6532885
0.6532885
0.6532885
0.6532885
0.6532885
0.6532885
0.6532885
0.6532885
0.6532885
0.6532885
0.6532885
0.6532885
0.6532885
0.6532885
0.6532885
0.6532885
0.6532885
0.6532885
0.6532885
0.6532885
0.6532885
0.6532885
0.6532885
0.6532885
0.6532885
0.6532885
0.6532885
0.6532885
0.6532885
0.6532885
0.6532885
0.6532885
0.6532885
0.6533356
0.6533356
0.6533356
0.6533356
0.6533356
0.6533356
0.6533356
0.6533356
0.6533356
0.6533356
0.6533356
0.6533356
0.6533356
0.6533356
0.6533726
0.6533726
0.6533726
0.6533726
0.6533726
0.6533726
0.6533726
0.6533726
0.6533726
0.6533726
0.6533726
0.6533726
0.6533726
0.6533726
0.6533726
0.6533726
0.6533726
0.6533726
0.6533726
0.6533726
0.6533726
0.6533726
0.6533726
0.6533726
0.6533726
0.6533726
0.6533726
0.6533726
0.6533726
0.6533726
0.6533726
0.6533726
0.6533726
0.6533726
0.6533726
0.6533726
0.6533726
0.6533726
0.6533726
0.6533726
0.6533726
0.6533726
0.6533726
0.6533726
0.6533726
0.6533726
0.6533726
0.6533726
0.6533726
0.6533726
0.6533726
0.6533726
0.6533726
0.6533726
0.6533726
0.6533726
0.6533726
0.6533726
0.6533726
0.6533726
0.6533726
0.6533726
0.6533726
0.6533726
0.6533726
0.6533726
0.6533726
0.6533726
0.6533726
0.6533726
0.6533726
0.6533726
0.6533726
0.6533726
0.6533726
0.6533726
0.6533726
0.6533726
0.6533726
0.6533726
0.6533726
0.6533726
0.6533726
0.6533726
0.6533726
0.6533726
0.6533726
0.6533726
0.6533726
0.6533726
0.6533726
0.6533726
0.6533726
0.6533726
0.6533726
0.6533726
0.6533726
0.6533726
0.6533726
0.6533726
0.6533726
0.6533726
0.6533726
0.6533726
0.6533726
0.6533726
0.65339106
0.65339106
0.65339106
0.65339106
0.65339106
0.65339106
0.65339106
0.65339106
0.65339106
0.65339106
0.65339106
0.65339106
0.65339106
0.65339106
0.65339106
0.65339106
0.65339106
0.65339106
0.65339106
0.65339106
0.65339106
0.65339106
0.65339106
0.65339106
0.65339106
0.65339106
0.65339106
0.65339106
0.65339106
0.65339106
0.65339106
0.65339106
0.65339106
0.65339106
0.65339106
0.65339106
0.65339106
0.65339106
0.65339106
0.65339106
0.65339106
0.65339106
0.65339106
0.65339106
0.65339106
0.65339106
0.65339106
0.65339106
0.65339106
0.65339106
0.65339106
0.65339106
0.65339106
0.65339106
0.65339106
0.65339106
0.65339106
0.65339106
0.65339106
0.65339106
0.65339106
0.65339106
0.65339106
0.65339106
0.65339106
0.65339106
0.65339106
0.65339106
0.65339106
0.65339106
0.65339106
0.65339106
0.65339106
0.65339106
0.65339106
0.65339106
0.65339106
0.65339106
0.65339106
0.65339106
0.65339106
0.65339106
0.65339106
0.65339106
0.65339106
0.65339106
0.65339106
0.65339106
0.65339106
0.65339106
0.65339106
0.65339106
0.65339106
0.65339106
0.65339106
0.65339106
0.65339106
0.65339106
0.65339106
0.65339106
0.65339106
0.65339106
0.65339106
0.65339106
0.65339106
0.65339106
0.65339106
0.65339106
0.65339106
0.65339106
0.65339106
0.65339106
0.65339106
0.65339106
0.65339106
0.65339106
0.65339106
0.65339106
0.65339106
0.65339106
0.65339106
0.65339106
0.65339106
0.65339106
0.65339106
0.65339106
0.65339106
0.65339106
0.65339106
0.65339106
0.65339106
0.65339106
0.65339106
0.65339106
0.65339106
0.65339106
0.65339106
0.65339106
0.65339106
0.65339106
0.65339106
0.65339106
0.65339106
0.65339106
0.65339106
0.65339106
0.65339106
0.65339106
0.65339106
0.65339106
0.65339106
0.65339106
0.65339106
0.65339106
0.65339106
0.65339106
0.65339106
0.65339106
0.65339106
0.65339106
0.65339106
0.65339106
0.65339106
0.65339106
0.65339106
0.65339106
0.65339106
0.65339106
0.65339106
0.65339106
0.65339106
0.65339106
0.65339106
0.65339106
0.65339106
0.65339106
0.65339106
0.65339106
0.65339106
0.65339106
0.65339106
0.65339106
0.65339106
0.65339106
0.65339106
0.65339106
0.65339106
0.65339106
0.65339106
0.65339106
0.65339106
0.65339106
0.65339106
0.65339106
0.65339106
0.65339106
0.65339106
0.65339106
0.65339106
0.65339106
0.65339106
0.65339106
0.65339106
0.65339106
0.65339106
0.65339106
0.65339106
0.65339106
0.65339106
0.65339106
0.65339106
0.65339106
0.65339106
0.65339106
0.65339106
0.65339106
0.65339106
0.65339106
0.65339106
0.65339106
0.65339106
0.65339106
0.65339106
0.65339106
0.65339106
0.65339106
0.65339106
0.65339106
0.65339106
0.65339106
0.65339106
0.65339106
0.65339106
0.65339106
0.65339106
0.65339106
0.65339106
0.65339106
0.65339106
0.65339106
0.65339106
0.65339106
0.65339106
0.65339106
0.65339106
0.65339106
0.65339106
0.65339106
0.65339106
0.65339106
0.65339106
0.65339106
0.65339106
0.65339106
0.65339106
0.65339106
0.65339106
0.65339106
0.65339106
0.65339106
0.65339106
0.65339106
0.65339106
0.65339106
0.65339106
0.65339106
0.65339106
0.65339106
0.65339106
0.65339106
0.65339106
0.65339106
0.65339106
0.65339106
0.65339106
0.65339106
0.65339106
0.65339106
0.65339106
0.65339106
0.65339106
0.65339106
0.65339106
0.65339106
0.65339106
0.65339106
0.65339106
0.65339106
0.65339106
0.65339106
0.65339106
0.65339106
0.65339106
0.65339106
0.65339106
0.65339106
0.65339106
0.65339106
0.65339106
0.65339106
0.65339106
0.65339106
0.65339106
0.65339106
0.65339106
0.65339106
0.65339106
0.65339106
0.65339106
0.65339106
0.65339106
0.65339106
0.65339106
0.65339106
0.65339106
0.65339106
0.65339106
0.65339106
0.65339106
0.65339106
0.65339106
0.65339106
0.65339106
0.65339106
0.65339106
0.65339106
0.65339106
0.65339106
0.65339106
0.65339106
0.65339106
0.65339106
0.65339106
0.65339106
0.65339106
0.65339106
0.65339106
0.65339106
0.65339106
0.65339106
0.65339106
0.65339106
0.65339106
0.65339106
0.65339106
0.65339106
0.65339106
0.65339106
0.65339106
0.65339106
0.65339106
0.65339106
0.65339106
0.65339106
0.65339106
0.65339106
0.65339106
0.65339106
0.65339106
0.65339106
0.65339106
0.65339106
0.65339106
0.65339106
0.65339106
0.65339106
0.65339106
0.65339106
0.65339106
0.65339106
0.65339106
0.65339106
0.65339106
0.65339106
0.65339106
0.65339106
0.65339106
0.65339106
0.65339106
0.65339106
0.65339106
0.65339106
0.65339106
0.65339106
0.65339106
0.65339106
0.65339106
0.65339106
0.65339106
0.65339106
0.65339106
0.65339106
0.65339106
0.65339106
0.65339106
0.65339106
0.65339106
0.65339106
0.65339106
0.65339106
0.65339106
0.65339106
0.65339106
0.65339106
0.65339106
0.65339106
0.65339106
0.65339106
0.65339106
0.65339106
0.65339106
0.65339106
0.65339106
0.65339106
0.65339106
0.65339106
0.65339106
0.65339106
0.65339106
0.65339106
0.65339106
0.65339106
0.65339106
0.65339106
0.65339106
0.65339106
0.65339106
0.65339106
0.65339106
0.65339106
0.65339106
0.65339106
0.65339106
0.65339106
0.65339106
0.65339106
0.65339106
0.65339106
0.65339106
0.65339106
0.65339106
0.65339106
0.65339106
0.65339106
0.65339106
0.65339106
0.65339106
0.65339106
0.65339106
0.65339106
0.65339106
0.65339106
0.65339106
0.65339106
0.65339106
0.65339106
0.65339106
0.65339106
0.65339106
0.65339106
0.65339106
0.65339106
0.65339106
0.65339106
0.65339106
0.65339106
0.65339106
0.65339106
0.65339106
0.65339106
0.65339106
0.65339106
0.65339106
0.65339106
0.65339106
0.65339106
0.65339106
0.65339106
0.65339106
0.65339106
0.65339106
0.65339106
0.65339106
0.65339106
0.65339106
0.65339106
0.65339106
0.65339106
0.65339106
0.65339106
0.65339106
0.65339106
0.65339106
0.65339106
0.65339106
0.65339106
0.65339106
0.65339106
0.65339106
0.65339106
0.65339106
