Reliability
0
0.04
0.04
0.04
0.067202315
0.067202315
0.067202315
0.067202315
0.067202315
0.067202315
0.067202315
0.10326535
0.10326535
0.10362242
0.10362242
0.10362242
0.13891198
0.13891198
0.13891198
0.13891198
0.13891198
0.16183378
0.16183378
0.1622991
0.16275522
0.16275522
0.16275522
0.16275522
0.16275522
0.16275522
0.16275522
0.16436566
0.16436566
0.16436566
0.16436566
0.16436566
0.16436566
0.16436566
0.16436566
0.16436566
0.16436566
0.16436566
0.16436566
0.16436566
0.16436566
0.17560056
0.17560056
0.17560056
0.17560056
0.17560056
0.16708551
0.16708551
0.16708551
0.16708551
0.16708551
0.16708551
0.16708551
0.16708551
0.16708551
0.16708551
0.16708551
0.20263684
0.20263684
0.20263684
0.20263684
0.20263684
0.20263684
0.20263684
0.20263684
0.20263684
0.20263684
0.20263684
0.20263684
0.20263684
0.20263684
0.20263684
0.20263684
0.20263684
0.20263684
0.20263684
0.20263684
0.20263684
0.20263684
0.20263684
0.20263684
0.20268698
0.20268698
0.20268698
0.20268698
0.20268698
0.20268698
0.20268698
0.20268698
0.20268698
0.20268698
0.22382793
0.22382793
0.22382793
0.22382793
0.22382793
0.22382793
0.22382793
0.22382793
0.22382793
0.22382793
0.22382793
0.22382793
0.22382793
0.22382793
0.22382793
0.22382793
0.22382793
0.22382793
0.22382793
0.22382793
0.22382793
0.22382793
0.22382793
0.22382793
0.22382793
0.22382793
0.23456146
0.23456146
0.23456146
0.23456146
0.23456146
0.23456146
0.23456146
0.23456146
0.23456146
0.23456146
0.23456146
0.23456146
0.23456146
0.23491253
0.23491253
0.23491253
0.23491253
0.23491253
0.23491253
0.23491253
0.23491253
0.23491253
0.23491253
0.23491253
0.23491253
0.23491253
0.23491253
0.23491253
0.23491253
0.23491253
0.23491253
0.23491253
0.23491253
0.23491253
0.23491253
0.23491253
0.23491253
0.23948988
0.23948988
0.23948988
0.23948988
0.23948988
0.23948988
0.23948988
0.23948988
0.23948988
0.23948988
0.23948988
0.23948988
0.23948988
0.23948988
0.23948988
0.23948988
0.23948988
0.23948988
0.23948988
0.23948988
0.23948988
0.23948988
0.23948988
0.23948988
0.23948988
0.23948988
0.23948988
0.23948988
0.23948988
0.23948988
0.23948988
0.23948988
0.23948988
0.23948988
0.23948988
0.23948988
0.23948988
0.23948988
0.23948988
0.23948988
0.23948988
0.23948988
0.23948988
0.23948988
0.23948988
0.23948988
0.23948988
0.23948988
0.23948988
0.23948988
0.23948988
0.23948988
0.23948988
0.23948988
0.23948988
0.23948988
0.23948988
0.23948988
0.23948988
0.23948988
0.23948988
0.23948988
0.23948988
0.22655292
0.22655292
0.22655292
0.22655292
0.25269136
0.25269136
0.25269136
0.25269136
0.25269136
0.25269136
0.25269136
0.25269136
0.25269136
0.25269136
0.25269136
0.25269136
0.25269136
0.25269136
0.25269136
0.25269136
0.25269136
0.25269136
0.25269136
0.25636187
0.25636187
0.25636187
0.25636187
0.25636187
0.25636187
0.25636187
0.28939915
0.28939915
0.28939915
0.28939915
0.28939915
0.28939915
0.28939915
0.28939915
0.28939915
0.28939915
0.28939915
0.28939915
0.28939915
0.28939915
0.28939915
0.28939915
0.28939915
0.28939915
0.28939915
0.28939915
0.32763988
0.32763988
0.32763988
0.32763988
0.32763988
0.32763988
0.32763988
0.32763988
0.32763988
0.32763988
0.32763988
0.32763988
0.32763988
0.32763988
0.32763988
0.32763988
0.32763988
0.32763988
0.32763988
0.32763988
0.32763988
0.32763988
0.32763988
0.32763988
0.32763988
0.32763988
0.32763988
0.35956627
0.35956627
0.35956627
0.35956627
0.35956627
0.35956627
0.35956627
0.35956627
0.35956627
0.35956627
0.35956627
0.35956627
0.35956627
0.35956627
0.35956627
0.35956627
0.39242616
0.41078794
0.41078794
0.41078794
0.41078794
0.41078794
0.41078794
0.41078794
0.41078794
0.41078794
0.41078794
0.41078794
0.41078794
0.41078794
0.41078794
0.41078794
0.41078794
0.41078794
0.41078794
0.41078794
0.41078794
0.41078794
0.41078794
0.4124643
0.4124643
0.4124643
0.4124643
0.4124643
0.4124643
0.4124643
0.4124643
0.4124643
0.4124643
0.4124643
0.4124643
0.4124643
0.4124643
0.4124643
0.4124643
0.4124643
0.4124643
0.4124643
0.41251022
0.41251022
0.41251022
0.41251022
0.41251022
0.41251022
0.41251022
0.4129471
0.4129471
0.4129471
0.4129471
0.4129471
0.4129471
0.4129471
0.4129471
0.4129471
0.4129471
0.4129471
0.4129471
0.4129471
0.4086278
0.4086278
0.4086278
0.4086278
0.4086278
0.4086278
0.4086278
0.4086278
0.4086278
0.4086278
0.4086278
0.4086278
0.4086278
0.4086278
0.39756486
0.40088362
0.40088362
0.40088362
0.40088362
0.40088362
0.40088362
0.40088362
0.40088362
0.40088362
0.40088362
0.40088362
0.40088362
0.40088362
0.40088362
0.40088362
0.40088362
0.40088362
0.40088362
0.40088362
0.40088362
0.40088362
0.40088362
0.40088362
0.40088362
0.40088362
0.40088362
0.40088362
0.40088362
0.40088362
0.40088362
0.40088362
0.40088362
0.40088362
0.40088362
0.40088362
0.40088362
0.40088362
0.40088362
0.40088362
0.40122172
0.40122172
0.40122172
0.40122172
0.40122172
0.40122172
0.40122172
0.40122172
0.40122172
0.40122172
0.40122172
0.40122172
0.40122172
0.40122172
0.40122172
0.40122172
0.40122172
0.40122172
0.40122172
0.40122172
0.40122172
0.40122172
0.40122172
0.40122172
0.40122172
0.40520093
0.40520093
0.40520093
0.40520093
0.40520093
0.40520093
0.40520093
0.40520093
0.40520093
0.40520093
0.40520093
0.40520093
0.40520093
0.40520093
0.40520093
0.40520093
0.40520093
0.4136343
0.4136343
0.4136343
0.4136343
0.4136343
0.4136343
0.4136343
0.4136343
0.4136343
0.4136343
0.4136343
0.4136343
0.4136343
0.4136343
0.4136343
0.4136343
0.4136343
0.4136343
0.4136343
0.4136343
0.4136343
0.4136343
0.4136343
0.4136343
0.4136343
0.4136343
0.4136343
0.4136343
0.4136343
0.4136343
0.4136343
0.4136343
0.4136343
0.4136343
0.4136343
0.4136343
0.4136343
0.4136343
0.4136343
0.4136343
0.4136343
0.4136343
0.4136343
0.4136343
0.4136343
0.4136343
0.4136343
0.4136343
0.41387734
0.41387734
0.41387734
0.41387734
0.41387734
0.41387734
0.41387734
0.41387734
0.41387734
0.41387734
0.4149914
0.4149914
0.4149914
0.4149914
0.4149914
0.4149914
0.4149914
0.4149914
0.4149914
0.4149914
0.4149914
0.41847926
0.41847926
0.41847926
0.41847926
0.41847926
0.41847926
0.41847926
0.41847926
0.41847926
0.41847926
0.41869736
0.41869736
0.4219475
0.4219475
0.4219475
0.42287615
0.42287615
0.4207786
0.4207786
0.4207786
0.4207786
0.4207786
0.4207786
0.4207786
0.4207786
0.4207786
0.4207786
0.4207786
0.4207786
0.4207786
0.4207786
0.4207786
0.4207786
0.4207786
0.4207786
0.4207786
0.42177194
0.42177194
0.42177194
0.42177194
0.42177194
0.42177194
0.42177194
0.42177194
0.42177194
0.42177194
0.42177194
0.42177194
0.42177194
0.42177194
0.42177194
0.42177194
0.42177194
0.42177194
0.42177194
0.42177194
0.42177194
0.42177194
0.42177194
0.42599207
0.42599207
0.42599207
0.42599207
0.42599207
0.42599207
0.42599207
0.42599207
0.42599207
0.42599207
0.42599207
0.42599207
0.42599207
0.42599207
0.42599207
0.42599207
0.42599207
0.42599207
0.42599207
0.42599207
0.42599207
0.42599207
0.42599207
0.428571
0.428571
0.428571
0.428571
0.428571
0.428571
0.428571
0.428571
0.428571
0.428571
0.428571
0.428571
0.428571
0.428571
0.428571
0.428571
0.428571
0.428571
0.428571
0.428571
0.428571
0.428571
0.428571
0.428571
0.428571
0.428571
0.45920384
0.45920384
0.45920384
0.45920384
0.45920384
0.45920384
0.45920384
0.46357006
0.46357006
0.46357006
0.46357006
0.46357006
0.46357006
0.46357006
0.46357006
0.46357006
0.46357006
0.46357006
0.46357006
0.46357006
0.46357006
0.46357006
0.46200594
0.46200594
0.46200594
0.46200594
0.46200594
0.46200594
0.46200594
0.46200594
0.46200594
0.46200594
0.46200594
0.46200594
0.46200594
0.46200594
0.46200594
0.46200594
0.46200594
0.46200594
0.46200594
0.46200594
0.46200594
0.46200594
0.46200594
0.46200594
0.46200594
0.46675807
0.46675807
0.46675807
0.46675807
0.46675807
0.46675807
0.46675807
0.46675807
0.46675807
0.46675807
0.46675807
0.46675807
0.46675807
0.46675807
0.46675807
0.46675807
0.46675807
0.46675807
0.46675807
0.46675807
0.46675807
0.46675807
0.46675807
0.46675807
0.46675807
0.46675807
0.46675807
0.46675807
0.46675807
0.46675807
0.46675807
0.46675807
0.46675807
0.46675807
0.46675807
0.46675807
0.46675807
0.46675807
0.4689155
0.4689155
0.4689155
0.4689155
0.4689155
0.4689155
0.4689155
0.4689155
0.4689155
0.4689155
0.4689155
0.4689155
0.4689155
0.4689155
0.4689155
0.4689155
0.4689155
0.46953845
0.46953845
0.46953845
0.46953845
0.46953845
0.46953845
0.46953845
0.46953845
0.46953845
0.46953845
0.46953845
0.46953845
0.46953845
0.46953845
0.46953845
0.46953845
0.46953845
0.46953845
0.46953845
0.46953845
0.46953845
0.46953845
0.46953845
0.46953845
0.46953845
0.46953845
0.46953845
0.46953845
0.46953845
0.46953845
0.46953845
0.46953845
0.46953845
0.46953845
0.46953845
0.46976987
0.46976987
0.46976987
0.46976987
0.46976987
0.46976987
0.46976987
0.46976987
0.46976987
0.46976987
0.46976987
0.46976987
0.46976987
0.46976987
0.46976987
0.46976987
0.46976987
0.46976987
0.46976987
0.46976987
0.46976987
0.46976987
0.47045973
0.47045973
0.47045973
0.47045973
0.47045973
0.47045973
0.47045973
0.47045973
0.47045973
0.47045973
0.47045973
0.47045973
0.47045973
0.47045973
0.47045973
0.47045973
0.47045973
0.47045973
0.47045973
0.47045973
0.47045973
0.47045973
0.47045973
0.47045973
0.47045973
0.47045973
0.47045973
0.47045973
0.47045973
0.47045973
0.47045973
0.47045973
0.47045973
0.47045973
0.47045973
0.47045973
0.47045973
0.47045973
0.47045973
0.47045973
0.47045973
0.47045973
0.47045973
0.47045973
0.47045973
0.47045973
0.47045973
0.47045973
0.47045973
0.47045973
0.47045973
0.47045973
0.47045973
0.47045973
0.47045973
0.47045973
0.47045973
0.47045973
0.47045973
0.47045973
0.47045973
0.47045973
0.47045973
0.47045973
0.47045973
0.47045973
0.47045973
0.47045973
0.47045973
0.47045973
0.47045973
0.47045973
0.47045973
0.47045973
0.47045973
0.47045973
0.47045973
0.47045973
0.47045973
0.47045973
0.47045973
0.47045973
0.47045973
0.47045973
0.47045973
0.47045973
0.47045973
0.47045973
0.47045973
0.47045973
0.47045973
0.47045973
0.47045973
0.47045973
0.47045973
0.47045973
0.47045973
0.47045973
0.47045973
0.47045973
0.47045973
0.47045973
0.47045973
0.47045973
0.47045973
0.47045973
0.47045973
0.47045973
0.47045973
0.47045973
0.47045973
0.47045973
0.47045973
0.47045973
0.47045973
0.47045973
0.47045973
0.47045973
0.47045973
0.47045973
0.47045973
0.47045973
0.47045973
0.47045973
0.47045973
0.47045973
0.47045973
0.47045973
0.47045973
0.47045973
0.47045973
0.47045973
0.47045973
0.47045973
0.47045973
0.47045973
0.47045973
0.47045973
0.47045973
0.47045973
0.47045973
0.47045973
0.47045973
0.47045973
0.47045973
0.47045973
0.47045973
0.47045973
0.47045973
0.47045973
0.47045973
0.47045973
0.47045973
0.47045973
0.47045973
0.47045973
0.47045973
0.47045973
0.47045973
0.47045973
0.47045973
0.47045973
0.47045973
0.47045973
0.47045973
0.47045973
0.47045973
0.4554841
0.4554841
0.4554841
0.4554841
0.4554841
0.4554841
0.4554841
0.4554841
0.4554841
0.4554841
0.4554841
0.4587411
0.4587411
0.4587411
0.4587411
0.4587411
0.4587411
0.4587411
0.4587411
0.4587411
0.4587411
0.4587411
0.4587411
0.4587411
0.4587411
0.4587411
0.4587411
0.4587411
0.4587411
0.4587411
0.4587411
0.4587411
0.4587411
0.4587411
0.4587411
0.4587411
0.4587411
0.4587411
0.4587411
0.4587411
0.4587411
0.4587411
0.4587411
0.4587411
0.4587411
0.4587411
0.4587411
0.4587411
0.4587411
0.4587411
0.4587411
0.4587411
0.4587411
0.4587411
0.4587411
0.4587411
0.4587411
0.4587411
0.4587411
0.4587411
0.4587411
0.4587411
0.4587411
0.4587411
0.4587411
0.4587411
0.4587411
0.4587411
0.4587411
0.4587411
0.4587411
0.4587411
0.4587411
0.4587411
0.4587411
0.4587411
0.4587411
0.4587411
0.4587411
0.4587411
0.4587411
0.4587411
0.4587411
0.4587411
0.4587411
0.4587411
0.4587411
0.45890018
0.45890018
0.45890018
0.45890018
0.45890018
0.45890018
0.45890018
0.45890018
0.45890018
0.45890018
0.45890018
0.45890018
0.45890018
0.45890018
0.45890018
0.45890018
0.45890018
0.45890018
0.45890018
0.45890018
0.45890018
0.45890018
0.45890018
0.45890018
0.45890018
0.45890018
0.45890018
0.45890018
0.45890018
0.45890018
0.45890018
0.45890018
0.45890018
0.45890018
0.45890018
0.45890018
0.45890018
0.45890018
0.45890018
0.45890018
0.45890018
0.45890018
0.45890018
0.45890018
0.45890018
0.45890018
0.45890018
0.45890018
0.45890018
0.45890018
0.45890018
0.45890018
0.45890018
0.45890018
0.45890018
0.45890018
0.45890018
0.45890018
0.45890018
0.45890018
0.45890018
0.45890018
0.45890018
0.44688857
0.44688857
0.44688857
0.44688857
0.44688857
0.44688857
0.44688857
0.44688857
0.44688857
0.44688857
0.44688857
0.44688857
0.44688857
0.44688857
0.44688857
0.44688857
0.44688857
0.44688857
0.44688857
0.44688857
0.44688857
0.44688857
0.44688857
0.44688857
0.44688857
0.44688857
0.44688857
0.44688857
0.44688857
0.44688857
0.44688857
0.44688857
0.44688857
0.44688857
0.44688857
0.44688857
0.44688857
0.44688857
0.44688857
0.44688857
0.44688857
0.44688857
0.44688857
0.44688857
0.44688857
0.44688857
0.44688857
0.44688857
0.44688857
0.44688857
0.44688857
0.44688857
0.44688857
0.44688857
0.44688857
0.44688857
0.44688857
0.44688857
0.44688857
0.44688857
0.44688857
0.44688857
0.44688857
0.44688857
0.44688857
0.44688857
0.44688857
0.44688857
0.45440406
0.45440406
0.45440406
0.45440406
0.45440406
0.45440406
0.45440406
0.45440406
0.45440406
0.45440406
0.45440406
0.45440406
0.45440406
0.45440406
0.45440406
0.45440406
0.45440406
0.45440406
0.45440406
0.45440406
0.45440406
0.45440406
0.45440406
0.45440406
0.45440406
0.45440406
0.45440406
0.45440406
0.45440406
0.45440406
0.45440406
0.45440406
0.45440406
0.45440406
0.45440406
0.45440406
0.45440406
0.45440406
0.45440406
0.45440406
0.45440406
0.45440406
0.45630425
0.45630425
0.45630425
0.45630425
0.45630425
0.45630425
0.45630425
0.45630425
0.45630425
0.45630425
0.45630425
0.45630425
0.45630425
0.45630425
0.45630425
0.45630425
0.45630425
0.45630425
0.45630425
0.45630425
0.45630425
0.45630425
0.45630425
0.45630425
0.45630425
0.45630425
0.45630425
0.45630425
0.45630425
0.45630425
0.45630425
0.45630425
0.45630425
0.45630425
0.45630425
0.45630425
0.45630425
0.45630425
0.45630425
0.45630425
0.45630425
0.45630425
0.45630425
0.45630425
0.45630425
0.45630425
0.45630425
0.45630425
0.45630425
0.45630425
0.45630425
0.45630425
0.45630425
0.45630425
0.45630425
0.45630425
0.45630425
0.45630425
0.45630425
0.45630425
0.45630425
0.45630425
0.45630425
0.45630425
0.45630425
0.45630425
0.45630425
0.45630425
0.45630425
0.45630425
0.45669594
0.45669594
0.45669594
0.45669594
0.45669594
0.45669594
0.45669594
0.45669594
0.45669594
0.45669594
0.45669594
0.45669594
0.45669594
0.45669594
0.45669594
0.45669594
0.45669594
0.45669594
0.45669594
0.45669594
0.45669594
0.45669594
0.45669594
0.45669594
0.45669594
0.45669594
0.45669594
0.45694536
0.45694536
0.45694536
0.45694536
0.45694536
0.45694536
0.45694536
0.45694536
0.45694536
0.45694536
0.45694536
0.45694536
0.45694536
0.45694536
0.45694536
0.45694536
0.45694536
0.45694536
0.45694536
0.45694536
0.45694536
0.45694536
0.45694536
0.45694536
0.45694536
0.45694536
0.45694536
0.45694536
0.45694536
0.45694536
0.45694536
0.45694536
0.45694536
0.45694536
0.45694536
0.45694536
0.45694536
0.45694536
0.45694536
0.45694536
0.45694536
0.45694536
0.45694536
0.45694536
0.45694536
0.45694536
0.45694536
0.45694536
0.45694536
0.45694536
0.45694536
0.45694536
0.45694536
0.45694536
0.45694536
0.45694536
0.45694536
0.45694536
0.45694536
0.45694536
0.45694536
0.45694536
0.45694536
0.45694536
0.45694536
0.45694536
0.45694536
0.45694536
0.45694536
0.45694536
0.45694536
0.45694536
0.45694536
0.45694536
0.45694536
0.45694536
0.45694536
0.45694536
0.45694536
0.45694536
0.45694536
0.45694536
0.45694536
0.45694536
0.45694536
0.45694536
0.45694536
0.45694536
0.45694536
0.45694536
0.45694536
0.45694536
0.45694536
0.45694536
0.45694536
0.45694536
0.45694536
0.45694536
0.45694536
0.45694536
0.45694536
0.45694536
0.45694536
0.45694536
0.45694536
0.45694536
0.45694536
0.45694536
0.45694536
0.45694536
0.45694536
0.45694536
0.45694536
0.45694536
0.45694536
0.45694536
0.45694536
0.45694536
0.45694536
0.45694536
0.45694536
0.45694536
0.45694536
0.45694536
0.45694536
0.45694536
0.45694536
0.45694536
0.45694536
0.45694536
0.45694536
0.45694536
0.45694536
0.45694536
0.45694536
0.45694536
0.45694536
0.45694536
0.45694536
0.45694536
0.45694536
0.45694536
0.45694536
0.45694536
0.45694536
0.45694536
0.45694536
0.45694536
0.45694536
0.45694536
0.45694536
0.45694536
0.45694536
0.45694536
0.45694536
0.45694536
0.45694536
0.45694536
0.45694536
0.45694536
0.45694536
0.45694536
0.45694536
0.45694536
0.45694536
0.45694536
0.45694536
0.45694536
0.45694536
0.45694536
0.45694536
0.45694536
0.45694536
0.45694536
0.45694536
0.45694536
0.45694536
0.45694536
0.45694536
0.45694536
0.45694536
0.45560423
0.45560423
0.45560423
0.45560423
0.45560423
0.45560423
0.45560423
0.45560423
0.45560423
0.45560423
0.45560423
0.45560423
0.45560423
0.45560423
0.45560423
0.45560423
0.45560423
0.45560423
0.45560423
0.45560423
0.45560423
0.45560423
0.45560423
0.45560423
0.45560423
0.45560423
0.45560423
0.45560423
0.45560423
0.45560423
0.45560423
0.45560423
0.45560423
0.45560423
0.45560423
0.45560423
0.45560423
0.45560423
0.45560423
0.45560423
0.45560423
0.45560423
0.45560423
0.4557375
0.4557375
0.4557375
0.4557375
0.4557375
0.4557375
0.4557375
0.4557375
0.4557375
0.4557375
0.4557375
0.4557375
0.4557375
0.4557375
0.4557375
0.4557375
0.4557375
0.4557375
0.4557375
0.4557375
0.45706648
0.45706648
0.4573107
0.4573107
0.4573107
0.4585261
0.4585261
0.4585261
0.4585261
0.4585261
0.4585261
0.4585261
0.4585261
0.4585261
0.4585261
0.4585261
0.4585261
0.4585261
0.4585261
0.4585261
0.4585261
0.4585261
0.4585261
0.4585261
0.4585261
0.4585261
0.4585261
0.4585261
0.4585261
0.4585261
0.4585261
0.4585261
0.4585261
0.4585261
0.4585261
0.4585261
0.4585261
0.4585261
0.4585261
0.4585261
0.4585261
0.4585261
0.4585261
0.4585261
0.4585261
0.4585261
0.4585261
0.4585261
0.4585261
0.4585261
0.4585261
0.4585261
0.4585261
0.4585261
0.4585261
0.4585261
0.4585261
0.4585261
0.4585261
0.4585261
0.4585261
0.4585261
0.4585261
0.4585261
0.4585261
0.4585261
0.4585261
0.4585261
0.4585261
0.4585261
0.4585261
0.4585261
0.4585261
0.4585261
0.4585261
0.4585261
0.4585261
0.4585261
0.4585261
0.4585261
0.4585261
0.45898485
0.45898485
0.45898485
0.45898485
0.45898485
0.45898485
0.45898485
0.45898485
0.45898485
0.45898485
0.45898485
0.45898485
0.45898485
0.45898485
0.45898485
0.45898485
0.45898485
0.45898485
0.45898485
0.45898485
0.45898485
0.45898485
0.45898485
0.45898485
0.45898485
0.45898485
0.45898485
0.45898485
0.45898485
0.45898485
0.45898485
0.45898485
0.45898485
0.45898485
0.45898485
0.45898485
0.46225747
0.46225747
0.46225747
0.46225747
0.46225747
0.46225747
0.46225747
0.46225747
0.46225747
0.46225747
0.46225747
0.46225747
0.46225747
0.46225747
0.46225747
0.46225747
0.46225747
0.46225747
0.46225747
0.46225747
0.46225747
0.46225747
0.46225747
0.46225747
0.46225747
0.46225747
0.46225747
0.46225747
0.46225747
0.46225747
0.46225747
0.46225747
0.46225747
0.46225747
0.46225747
0.46225747
0.46225747
0.46225747
0.46225747
0.46225747
0.46225747
0.46225747
0.46225747
0.46225747
0.46225747
0.46225747
0.46225747
0.46225747
0.46225747
0.46225747
0.46225747
0.46225747
0.46225747
0.4633109
0.4633109
0.4633109
0.4633109
0.4633109
0.4633109
0.4633109
0.4633109
0.4633109
0.4633109
0.4633109
0.4633109
0.4633109
0.4633109
0.4633109
0.4633109
0.4633109
0.4633109
0.4633109
0.4633109
0.4633109
0.4633109
0.4633109
0.4633109
0.4633109
0.4633109
0.4633109
0.4633109
0.4633109
0.4633109
0.4633109
0.4633109
0.4633109
0.4633109
0.4633109
0.4633109
0.4633109
0.4633109
0.4633109
0.4633109
0.4633109
0.4633109
0.4634258
0.4634258
0.4634258
0.4634258
0.4634258
0.4634258
0.4634258
0.4634258
0.4634258
0.4634258
0.4634258
0.4634258
0.4634258
0.4634258
0.4634258
0.4634258
0.4634258
0.4634258
0.4634258
0.4634258
0.4634258
0.4634258
0.4634258
0.4634258
0.4634258
0.4634258
0.4634258
0.4634258
0.4634258
0.4634258
0.4634258
0.4634258
0.4634258
0.4634258
0.4634258
0.4634258
0.4634258
0.4634258
0.4634258
0.4634258
0.4634258
0.4634258
0.4634258
0.4634258
0.4634258
0.4634258
0.4634258
0.4634258
0.4634258
0.4634258
0.4634258
0.4634258
0.4634258
0.4634258
0.4634258
0.4634258
0.4634258
0.4634258
0.4634258
0.4634258
0.4634258
0.4634258
0.4634258
0.4634258
0.4634258
0.4634258
0.4634258
0.4634258
0.4634258
0.4634258
0.4634258
0.4634258
0.4634258
0.4634258
0.4634258
0.4634258
0.4634258
0.4634258
0.4634258
0.4634258
0.4634258
0.4634258
0.4634258
0.4634258
0.4634258
0.4634258
0.4634258
0.4634258
0.4634258
0.4634258
0.4634258
0.4634258
0.4634258
0.4634258
0.4634258
0.4634258
0.4634258
0.4634258
0.4634258
0.4634258
0.4634258
0.4634258
0.4634258
0.4634258
0.4634258
0.4634258
0.4634258
0.4634258
0.4634258
0.4634258
0.4634258
0.4634258
0.4634258
0.4634258
0.4634258
0.4634258
0.4634258
0.4634258
0.4634258
0.4634258
0.4634258
0.4634258
0.4634258
0.4634258
0.4634258
0.4634258
0.4634258
0.4634258
0.4634258
0.4634258
0.4634258
0.4634258
0.4634258
0.4634258
0.4634258
0.4634258
0.4634258
0.4634258
0.4634258
0.4634258
0.4634258
0.4634258
0.4634258
0.4634258
0.4634258
0.4634258
0.4634258
0.4634258
0.4634258
0.4634258
0.4634258
0.4634258
0.4634258
0.4634258
0.4634258
0.4634258
0.4634258
0.4634258
0.4634258
0.4634258
0.4634258
0.4634258
0.4634258
0.4634258
0.4634258
0.4634258
0.4634258
0.4634258
0.4634258
0.4634258
0.4634258
0.4634258
0.4634258
0.4634258
0.4634258
0.4634258
0.4634258
0.4634258
0.46384284
0.46384284
0.46384284
0.46384284
0.46384284
0.46384284
0.46384284
0.46384284
0.46384284
0.46384284
0.46384284
0.46384284
0.46545172
0.46545172
0.46545172
0.46545172
0.46545172
0.46545172
0.46545172
0.46545172
0.46545172
0.46545172
0.46545172
0.46545172
0.46545172
0.46545172
0.46545172
0.46545172
0.46545172
0.46545172
0.46545172
0.46545172
0.46545172
0.46545172
0.46545172
0.46965095
0.46965095
0.46965095
0.46965095
0.46965095
0.46965095
0.46965095
0.46965095
0.46965095
0.46965095
0.46965095
0.46965095
0.46965095
0.46965095
0.46965095
0.46965095
0.46965095
0.46965095
0.46965095
0.46965095
0.46965095
0.46965095
0.46965095
0.46965095
0.46965095
0.46965095
0.46965095
0.46965095
0.46965095
0.46965095
0.46965095
0.46965095
0.46965095
0.46965095
0.46965095
0.46965095
0.46965095
0.46965095
0.46965095
0.46965095
0.46965095
0.46965095
0.46965095
0.46965095
0.46965095
0.46965095
0.46965095
0.46965095
0.46965095
0.46965095
0.46965095
0.46965095
0.46965095
0.46965095
0.46965095
0.46965095
0.46965095
0.46965095
0.46965095
0.46965095
0.46965095
0.46965095
0.46965095
0.46965095
0.46965095
0.46965095
0.46965095
0.46965095
0.46965095
0.46965095
0.46965095
0.46965095
0.46965095
0.46965095
0.46965095
0.46965095
0.46965095
0.46965095
0.46965095
0.46965095
0.46965095
0.46965095
0.46965095
0.46965095
0.46965095
0.46965095
0.46965095
0.46965095
0.46965095
0.46965095
0.46965095
0.46965095
0.46965095
0.46965095
0.46965095
0.46965095
0.46965095
0.46965095
0.46965095
0.46965095
0.46965095
0.46965095
0.46965095
0.46965095
0.46965095
0.46965095
0.46965095
0.46965095
0.46965095
0.46965095
0.46965095
0.46965095
0.46965095
0.46965095
0.46965095
0.46965095
0.46965095
0.46965095
0.46965095
0.46965095
0.46965095
0.46965095
0.46965095
0.46965095
0.46965095
0.46965095
0.46965095
0.46965095
0.46965095
0.46965095
0.46965095
0.46965095
0.46965095
0.46965095
0.46965095
0.46965095
0.46965095
0.46965095
0.46965095
0.46965095
0.46965095
0.46965095
0.46965095
0.46965095
0.46965095
0.46965095
0.46965095
0.46965095
0.46965095
0.46965095
0.46965095
0.46965095
0.46965095
0.46965095
0.46965095
0.46965095
0.46965095
0.46965095
0.46965095
0.46965095
0.46965095
0.46965095
0.46965095
0.46965095
0.46965095
0.46965095
0.46965095
0.46965095
0.46965095
0.46965095
0.46965095
0.46965095
0.46965095
0.46965095
0.46965095
0.46965095
0.46965095
0.46965095
0.46965095
0.46965095
0.46965095
0.46965095
0.46965095
0.46965095
0.46965095
0.46965095
0.46965095
0.46965095
0.46965095
0.46965095
0.46965095
0.46965095
0.46965095
0.46965095
0.46965095
0.46965095
0.46965095
0.46965095
0.46965095
0.46965095
0.46965095
0.46965095
0.46965095
0.46965095
0.46965095
0.46965095
0.47230607
0.47230607
0.47230607
0.47230607
0.47230607
0.47230607
0.47230607
0.47230607
0.47230607
0.47230607
0.47230607
0.47230607
0.47230607
0.47230607
0.47230607
0.47230607
0.47230607
0.47230607
0.47230607
0.47230607
0.47230607
0.47230607
0.47230607
0.47230607
0.47230607
0.47230607
0.47230607
0.47230607
0.47230607
0.47230607
0.47230607
0.47230607
0.47230607
0.47230607
0.47230607
0.47230607
0.47230607
0.47230607
0.47230607
0.47230607
0.47230607
0.47230607
0.47230607
0.47230607
0.47230607
0.47230607
0.47230607
0.47230607
0.47230607
0.47230607
0.47230607
0.47230607
0.47230607
0.47230607
0.47230607
0.47230607
0.47230607
0.47230607
0.47230607
0.47230607
0.47230607
0.47230607
0.47230607
0.47230607
0.47230607
0.47230607
0.47230607
0.47230607
0.47440317
0.47440317
0.47440317
0.47440317
0.47440317
0.47440317
0.47440317
0.47440317
0.47440317
0.47440317
0.47440317
0.47440317
0.47440317
0.47440317
0.47440317
0.47440317
0.47440317
0.47662774
0.47662774
0.47662774
0.47671863
0.47671863
0.47671863
0.47671863
0.47671863
0.47671863
0.47671863
0.47671863
0.47671863
0.47671863
0.47671863
0.47671863
0.47671863
0.47671863
0.47671863
0.47671863
0.47671863
0.47671863
0.47671863
0.47671863
0.47671863
0.47671863
0.47671863
0.47671863
0.47671863
0.47671863
0.47671863
0.47671863
0.47671863
0.47671863
0.47671863
0.47671863
0.47671863
0.47671863
0.47671863
0.47671863
0.47671863
0.47671863
0.47671863
0.47671863
0.47671863
0.47671863
0.47671863
0.47671863
0.47671863
0.47671863
0.47671863
0.47671863
0.47671863
0.47671863
0.47671863
0.47671863
0.47671863
0.47671863
0.47671863
0.47671863
0.47671863
0.47671863
0.47671863
0.47671863
0.47671863
0.4768496
0.4768496
0.4768496
0.4768496
0.4768496
0.4768496
0.4768496
0.4768496
0.4768496
0.4768496
0.4768496
0.4768496
0.4768496
0.4768496
0.4768496
0.4768496
0.4768496
0.4768496
0.4768496
0.4768496
0.4768496
0.4768496
0.4768496
0.4768496
0.4768496
0.4768496
0.4768496
0.4768496
0.4768496
0.4768496
0.4768496
0.4768496
0.4768496
0.4768496
0.4768496
0.4768496
0.4768496
0.4768496
0.4768496
0.4768496
0.4768496
0.4768496
0.4768496
0.4768496
0.4768496
0.4768496
0.4768496
0.4768496
0.4768496
0.4768496
0.4768496
0.4768496
0.4768496
0.4768496
0.4768496
0.4768496
0.4768496
0.4768496
0.4768496
0.4768496
0.4768496
0.4768496
0.4768496
0.4768496
0.4768496
0.4768496
0.4768496
0.4768496
0.4768496
0.4768496
0.4768496
0.4768496
0.4768496
0.4768496
0.4768496
0.4768496
0.4768496
0.4768496
0.4768496
0.4768496
0.4768496
0.4768496
0.4768496
0.4768496
0.4768496
0.4768496
0.4768496
0.4768496
0.4768496
0.4768496
0.4768496
0.4768496
0.4768496
0.4768496
0.4768496
0.4768496
0.4768496
0.4768496
0.4768496
0.4768496
0.4769515
0.4769515
0.4769515
0.4769515
0.4769515
0.4769515
0.4769515
0.4769515
0.4769515
0.4769515
0.4769515
0.4769515
0.4769515
0.4769515
0.4769515
0.4769515
0.4769515
0.4769515
0.4769515
0.4769515
0.4769515
0.4769515
0.4769515
0.4769515
0.4769515
0.4769515
0.4769515
0.4769515
0.4769515
0.4769515
0.4769515
0.4769515
0.4769515
0.4769515
0.4769515
0.4769515
0.4769515
0.4769515
0.4769515
0.4769515
0.4769515
0.4769515
0.4769515
0.4769515
0.4769515
0.4769515
0.4769515
0.4769515
0.4769515
0.4769515
0.4769515
0.4769515
0.4769515
0.4769515
0.4769515
0.4769515
0.4769515
0.4769515
0.4769515
0.4769515
0.4769515
0.4769515
0.4769515
0.4769515
0.4769515
0.4769515
0.4769515
0.4769515
0.4769515
0.4769515
0.4769515
0.4769515
0.4769515
0.4769515
0.4769515
0.4769515
0.4769515
0.4769515
0.4769515
0.4769515
0.4769515
0.4769515
0.4769515
0.4769515
0.4769515
0.4769515
0.4769515
0.4769515
0.4769515
0.4769515
0.4769515
0.4769515
0.4769515
0.4769515
0.4769515
0.4769515
0.4769515
0.4769515
0.4769515
0.4769515
0.4769515
0.4769515
0.4769515
0.4769515
0.4769515
0.4769515
0.4769515
0.4769515
0.4769515
0.4769515
0.4769515
0.4769515
0.4769515
0.4769515
0.4769515
0.4769515
0.4769515
0.4769515
0.4769515
0.4769515
0.4769515
0.4769515
0.4769515
0.4769515
0.4769515
0.4769515
0.4769515
0.4769515
0.4769515
0.4769515
0.4769515
0.4769515
0.4769515
0.4769515
0.4769515
0.4769515
0.4769515
0.4769515
0.4769515
0.4769515
0.4769515
0.4769515
0.4769515
0.4769515
0.4769515
0.4769515
0.4769515
0.4769515
0.4769515
0.4769515
0.4769515
0.4769515
0.4769515
0.4769515
0.4769515
0.4769515
0.47886792
0.47886792
0.47886792
0.47886792
0.47886792
0.47886792
0.47886792
0.47886792
0.47886792
0.47886792
0.47886792
0.47886792
0.47912577
0.47912577
0.47912577
0.47912577
0.47912577
0.47912577
0.47912577
0.47912577
0.47912577
0.47912577
0.47912577
0.47912577
0.47912577
0.47912577
0.47912577
0.47912577
0.47912577
0.47912577
0.47912577
0.47912577
0.47912577
0.47912577
0.47912577
0.47912577
0.47912577
0.47912577
0.47912577
0.47912577
0.47912577
0.47912577
0.47912577
0.47912577
0.47912577
0.47912577
0.47912577
0.47912577
0.47912577
0.47912577
0.47912577
0.47912577
0.47912577
0.47912577
0.47912577
0.47912577
0.47912577
0.47912577
0.47912577
0.47912577
0.47912577
0.47912577
0.47912577
0.47912577
0.47912577
0.47912577
0.47912577
0.47912577
0.47912577
0.47912577
0.47912577
0.47912577
0.47912577
0.47912577
0.47912577
0.47912577
0.47912577
0.47912577
0.47912577
0.47912577
0.47912577
0.47912577
0.47912577
0.47912577
0.47912577
0.47912577
0.47912577
0.47912577
0.47912577
0.47912577
0.47912577
0.47912577
0.47912577
0.47912577
0.47912577
0.47912577
0.47912577
0.47912577
0.47912577
0.47912577
0.47912577
0.47912577
0.47912577
0.47912577
0.47912577
0.47912577
0.47912577
0.47912577
0.47912577
0.48058152
0.48058152
0.48058152
0.48058152
0.48058152
0.48058152
0.48058152
0.48058152
0.48058152
0.48058152
0.48058152
0.48058152
0.48058152
0.48058152
0.48058152
0.48058152
0.48058152
0.48058152
0.48058152
0.48058152
0.48058152
0.48058152
0.48058152
0.48058152
0.48058152
0.48058152
0.48058152
0.48058152
0.48058152
0.48058152
0.48058152
0.48058152
0.48058152
0.48058152
0.48058152
0.48058152
0.48058152
0.48058152
0.48058152
0.48058152
0.48058152
0.48058152
0.48058152
0.48058152
0.48058152
0.48058152
0.48058152
0.48058152
0.48058152
0.48058152
0.48058152
0.48058152
0.48058152
0.48058152
0.48058152
0.48058152
0.48058152
0.48058152
0.48058152
0.48058152
0.48058152
0.48058152
0.48058152
0.48058152
0.48058152
0.48058152
0.48058152
0.48058152
0.48058152
0.48058152
0.48058152
0.48058152
0.48058152
0.48058152
0.48058152
0.48058152
0.48058152
0.48058152
0.48058152
0.48058152
0.48058152
0.48058152
0.48058152
0.48058152
0.48058152
0.48058152
0.48058152
0.48058152
0.48058152
0.48058152
0.48058152
0.48058152
0.48058152
0.48058152
0.48058152
0.48058152
0.48058152
0.48058152
0.48058152
0.48058152
0.48058152
0.48058152
0.48058152
0.48058152
0.48058152
0.48058152
0.48058152
0.48058152
0.48058152
0.48058152
0.48058152
0.48058152
0.48058152
0.48058152
0.48058152
0.48058152
0.48058152
0.48058152
0.48058152
0.48058152
0.48058152
0.48058152
0.48058152
0.48058152
0.48058152
0.48058152
0.48058152
0.48058152
0.48058152
0.48058152
0.48058152
0.48058152
0.48058152
0.48058152
0.48058152
0.48058152
0.48058152
0.48058152
0.48058152
0.48058152
0.48058152
0.48058152
0.48058152
0.48058152
0.48058152
0.48058152
0.48058152
0.48058152
0.48058152
0.48058152
0.48058152
0.48058152
0.48058152
0.48058152
0.48058152
0.48058152
0.48058152
0.48058152
0.48058152
0.48058152
0.48058152
0.48058152
0.48058152
0.48058152
0.48058152
0.48058152
0.48058152
0.48058152
0.48058152
0.48058152
0.48058152
0.48058152
0.48058152
0.48058152
0.48058152
0.48058152
0.48058152
0.48058152
0.48058152
0.48058152
0.48058152
0.48058152
0.48058152
0.48058152
0.48058152
0.48058152
0.48058152
0.48058152
0.48058152
0.48058152
0.48058152
0.48058152
0.48058152
0.48058152
0.48058152
0.48058152
0.48058152
0.48058152
0.48058152
0.48058152
0.48058152
0.48058152
0.48058152
0.48058152
0.48058152
0.48058152
0.48058152
0.48058152
0.48058152
0.48058152
0.48058152
0.48058152
0.48058152
0.48058152
0.48058152
0.48058152
0.48058152
0.48058152
0.48058152
0.48058152
0.48058152
0.48058152
0.48058152
0.48058152
0.48058152
0.48058152
0.48058152
0.48058152
0.48058152
0.48058152
0.48058152
0.48058152
0.48058152
0.48058152
0.48058152
0.48058152
0.48058152
0.48058152
0.48058152
0.48058152
0.48058152
0.48058152
0.48058152
0.48058152
0.48058152
0.48058152
0.48058152
0.48058152
0.48058152
0.48058152
0.48058152
0.48058152
0.48058152
0.48058152
0.48058152
0.48058152
0.48058152
0.48058152
0.48058152
0.48058152
0.48058152
0.48058152
0.48058152
0.48058152
0.48058152
0.48058152
0.48058152
0.48058152
0.48058152
0.48058152
0.48058152
0.48058152
0.48058152
0.48058152
0.48058152
0.48058152
0.48058152
0.48058152
0.48058152
0.48058152
0.48058152
0.48058152
0.48058152
0.48058152
0.48058152
0.48058152
0.48058152
0.48058152
0.48058152
0.48058152
0.48058152
0.48058152
0.48058152
0.48058152
0.48058152
0.48058152
0.48058152
0.48058152
0.48058152
0.48058152
0.48058152
0.48058152
0.48058152
0.48058152
0.48058152
0.48058152
0.48058152
0.48058152
0.48058152
0.48058152
0.48058152
0.48058152
0.48058152
0.48058152
0.48058152
0.48058152
0.48058152
0.48058152
0.48058152
0.48058152
0.48058152
0.48058152
0.48058152
0.48058152
0.48058152
0.48058152
0.48058152
0.48058152
0.48058152
0.48058152
0.48058152
0.48058152
0.48058152
0.48058152
0.48058152
0.48058152
0.48058152
0.48058152
0.48058152
0.48058152
0.48058152
0.48058152
0.48058152
0.48058152
0.48058152
0.48058152
0.48058152
0.48058152
0.48058152
0.48058152
0.48058152
0.48058152
0.48058152
0.48058152
0.48058152
0.48058152
0.48058152
0.48058152
0.48058152
0.48058152
0.48058152
0.48058152
0.48058152
0.48058152
0.48058152
0.48058152
0.48058152
0.48058152
0.48058152
0.48058152
0.48058152
0.48058152
0.48058152
0.48058152
0.48058152
0.48058152
0.48058152
0.48058152
0.48058152
0.48058152
0.48058152
0.48058152
0.48058152
0.48058152
0.48058152
0.48058152
0.48058152
0.48058152
0.48058152
0.48058152
0.48058152
0.48058152
0.48058152
0.48058152
0.48058152
0.48058152
0.48058152
0.48058152
0.48058152
0.48058152
0.48058152
0.48058152
0.48058152
0.48058152
0.48058152
0.48058152
0.48058152
0.48058152
0.48058152
0.48058152
0.48058152
0.48058152
0.48058152
0.48058152
0.48058152
0.48058152
0.48058152
0.48058152
0.48058152
0.48058152
0.48058152
0.48058152
0.48058152
0.48058152
0.48058152
0.48058152
0.48058152
0.48058152
0.48058152
0.48058152
0.48058152
0.48058152
0.48058152
0.48058152
0.48058152
0.48058152
0.48058152
0.48058152
0.48058152
0.48058152
0.48058152
0.48058152
0.48058152
0.48058152
0.48058152
0.48058152
0.48058152
0.48058152
0.48058152
0.48058152
0.48058152
0.48058152
0.48058152
0.48058152
0.48058152
0.48058152
0.48058152
0.48058152
0.48058152
0.48058152
0.48058152
0.48058152
0.48058152
0.48058152
0.48058152
0.48058152
0.48058152
0.48058152
0.48058152
0.48058152
0.48058152
0.48058152
0.48058152
0.48058152
0.48058152
0.48058152
0.48058152
0.48058152
0.48058152
0.48058152
0.48058152
0.48058152
0.48058152
0.48058152
0.48058152
0.48058152
0.48058152
0.48058152
0.48058152
0.48058152
0.48058152
0.48058152
0.48058152
0.48058152
0.48058152
0.48058152
0.48058152
0.48058152
0.48058152
