Reliability
0.04
0.07984129
0.077110805
0.07639603
0.07639603
0.07639603
0.07677037
0.07677037
0.07677037
0.07677037
0.07677037
0.07677037
0.07677037
0.07677037
0.07677037
0.07677037
0.10450805
0.10692667
0.10692667
0.10692667
0.100640625
0.100640625
0.100640625
0.100640625
0.100640625
0.100640625
0.100640625
0.100640625
0.100640625
0.10630266
0.10630266
0.10630266
0.10630266
0.10630266
0.10630266
0.10630266
0.10630266
0.10630266
0.10630266
0.10630266
0.10630266
0.10630266
0.10630266
0.10630266
0.10630266
0.10630266
0.10630266
0.10630266
0.10630266
0.10630266
0.10630266
0.10630266
0.108255535
0.108255535
0.108255535
0.108255535
0.108255535
0.108255535
0.108255535
0.108255535
0.108255535
0.108255535
0.108255535
0.13634008
0.13634008
0.13634008
0.13634008
0.13634008
0.13634008
0.13634008
0.13634008
0.13634008
0.13634008
0.13634008
0.13634008
0.13634008
0.13634008
0.13634008
0.13634008
0.13634008
0.13634008
0.13634008
0.13634008
0.13634008
0.13634008
0.13634008
0.13634008
0.13634008
0.13634008
0.13634008
0.13634008
0.13634008
0.13634008
0.13634008
0.13671048
0.13671048
0.13671048
0.13671048
0.13671048
0.13671048
0.13671048
0.13671048
0.13671048
0.13671048
0.13671048
0.13671048
0.13671048
0.13671048
0.13671048
0.13671048
0.13671048
0.13671048
0.13671048
0.13671048
0.13671048
0.13671048
0.13671048
0.13671048
0.13671048
0.13671048
0.13671048
0.13671048
0.13671048
0.13671048
0.13671048
0.13671048
0.13671048
0.13671048
0.13671048
0.13671048
0.13671048
0.13671048
0.13671048
0.13671048
0.13671048
0.13671048
0.13671048
0.13671048
0.13671048
0.13671048
0.13671048
0.13671048
0.13671048
0.13671048
0.13671048
0.13671048
0.13671048
0.13671048
0.13671048
0.13671048
0.13671048
0.13671048
0.13671048
0.13671048
0.13671048
0.13671048
0.13671048
0.13671048
0.13671048
0.13671048
0.13671048
0.13671048
0.13671048
0.13671048
0.13671048
0.13671048
0.13671048
0.13671048
0.13671048
0.13671048
0.13671048
0.13671048
0.13671048
0.13671048
0.13671048
0.13671048
0.13671048
0.13671048
0.13671048
0.13671048
0.13671048
0.13671048
0.13671048
0.13671048
0.13671048
0.13671048
0.13671048
0.13671048
0.13671048
0.13671048
0.13671048
0.13671048
0.13671048
0.13671048
0.13671048
0.13671048
0.13671048
0.13671048
0.13671048
0.13671048
0.13671048
0.13671048
0.13671048
0.13671048
0.13671048
0.13671048
0.13671048
0.13671048
0.13671048
0.13671048
0.13671048
0.13671048
0.13671048
0.13671048
0.13671048
0.13671048
0.13802344
0.13802344
0.13802344
0.13802344
0.13802344
0.13802344
0.13802344
0.13802344
0.13802344
0.13802344
0.13802344
0.13802344
0.13802344
0.13802344
0.13802344
0.13802344
0.13802344
0.13802344
0.13802344
0.13802344
0.13802344
0.13802344
0.13802344
0.13802344
0.13802344
0.13802344
0.13802344
0.13802344
0.13802344
0.13802344
0.13802344
0.13802344
0.13802344
0.13802344
0.13802344
0.13802344
0.13802344
0.13802344
0.13802344
0.13802344
0.13802344
0.13802344
0.13802344
0.13802344
0.13802344
0.13802344
0.13802344
0.138765
0.138765
0.138765
0.138765
0.138765
0.138765
0.138765
0.138765
0.138765
0.138765
0.138765
0.138765
0.138765
0.138765
0.138765
0.138765
0.138765
0.138765
0.138765
0.138765
0.138765
0.138765
0.1381966
0.1381966
0.1381966
0.1381966
0.1381966
0.1381966
0.1381966
0.1381966
0.1381966
0.1381966
0.1381966
0.1381966
0.1381966
0.1381966
0.1381966
0.1381966
0.1381966
0.1381966
0.1381966
0.1381966
0.1381966
0.1381966
0.1381966
0.1381966
0.1381966
0.13845602
0.13845602
0.16502154
0.16502154
0.16502154
0.16502154
0.16502154
0.16502154
0.16502154
0.16502154
0.16502154
0.16438442
0.16438442
0.16438442
0.16438442
0.16438442
0.16438442
0.16438442
0.16671667
0.16671667
0.16671667
0.16671667
0.16671667
0.16671667
0.16671667
0.16671667
0.16725668
0.16725668
0.16725668
0.16725668
0.16725668
0.16725668
0.16725668
0.16725668
0.16725668
0.16725668
0.16725668
0.16725668
0.16725668
0.16725668
0.16725668
0.16725668
0.16725668
0.16725668
0.16725668
0.16725668
0.16725668
0.16725668
0.16725668
0.16725668
0.16725668
0.16725668
0.16725668
0.16725668
0.16725668
0.16725668
0.16725668
0.16725668
0.16725668
0.16725668
0.16725668
0.16725668
0.16725668
0.16725668
0.16725668
0.16725668
0.16725668
0.16725668
0.16748895
0.16748895
0.16748895
0.16748895
0.16748895
0.16748895
0.16748895
0.16748895
0.16748895
0.16748895
0.16748895
0.16748895
0.16748895
0.16748895
0.16748895
0.16748895
0.16748895
0.16748895
0.16748895
0.16748895
0.16748895
0.16852401
0.16852401
0.16852401
0.16852401
0.16852401
0.16852401
0.16852401
0.16852401
0.16852401
0.16852401
0.16852401
0.16852401
0.16852401
0.16852401
0.16852401
0.16852401
0.16852401
0.16852401
0.16852401
0.16852401
0.16852401
0.16852401
0.16852401
0.16852401
0.16852401
0.16852401
0.16852401
0.16852401
0.16852401
0.16852401
0.16852401
0.16852401
0.16852401
0.16852401
0.16852401
0.16852401
0.16852401
0.16852401
0.16852401
0.16852401
0.16852401
0.16852401
0.16852401
0.16852401
0.16852401
0.16852401
0.16852401
0.16852401
0.16858098
0.16858098
0.16858098
0.16858098
0.16858098
0.16858098
0.16858098
0.16858098
0.16858098
0.16926372
0.16926372
0.16926372
0.16926372
0.17018223
0.17018223
0.17018223
0.17018223
0.17018223
0.17018223
0.17018223
0.17018223
0.17018223
0.17018223
0.17018223
0.17018223
0.17018223
0.17018223
0.17018223
0.17018223
0.17018223
0.17018223
0.17018223
0.17018223
0.17018223
0.17018223
0.17018223
0.17018223
0.17018223
0.17018223
0.17018223
0.17018223
0.17018223
0.17018223
0.17018223
0.17018223
0.17018223
0.17018223
0.17018223
0.17018223
0.17018223
0.17018223
0.17018223
0.17018223
0.17018223
0.17018223
0.17018223
0.17018223
0.17018223
0.17018223
0.17018223
0.17018223
0.17018223
0.17018223
0.17018223
0.17018223
0.17018223
0.17018223
0.17018223
0.17018223
0.17018223
0.17018223
0.17018223
0.17018223
0.17018223
0.17018223
0.17018223
0.17018223
0.17018223
0.17018223
0.17018223
0.17018223
0.17018223
0.17018223
0.17018223
0.17018223
0.17018223
0.17018223
0.17018223
0.17018223
0.17018223
0.17018223
0.17018223
0.17018223
0.17018223
0.17018223
0.17018223
0.17018223
0.17018223
0.17018223
0.17018223
0.17018223
0.17018223
0.17018223
0.17018223
0.17018223
0.17018223
0.17018223
0.17018223
0.17018223
0.17018223
0.17018223
0.17018223
0.17018223
0.17018223
0.17018223
0.17018223
0.17018223
0.17018223
0.17018223
0.17018223
0.17018223
0.17018223
0.17018223
0.17018223
0.17018223
0.17018223
0.17018223
0.17018223
0.17018223
0.17018223
0.17018223
0.17018223
0.17018223
0.17018223
0.17018223
0.17018223
0.17018223
0.17018223
0.17018223
0.17018223
0.17018223
0.17018223
0.17018223
0.17018223
0.17018223
0.17018223
0.17018223
0.17018223
0.17018223
0.17018223
0.17018223
0.17018223
0.17018223
0.17018223
0.17018223
0.17018223
0.17018223
0.17018223
0.17018223
0.17018223
0.17018223
0.17018223
0.17018223
0.17018223
0.17018223
0.17018223
0.17018223
0.17018223
0.17018223
0.17018223
0.17018223
0.17018223
0.17018223
0.17018223
0.17018223
0.17018223
0.17018223
0.17018223
0.17018223
0.17018223
0.17018223
0.17018223
0.17018223
0.17018223
0.17018223
0.17018223
0.17018223
0.17018223
0.17018223
0.17018223
0.17018223
0.17018223
0.17018223
0.17018223
0.17018223
0.17018223
0.1707669
0.1707669
0.1707669
0.1707669
0.1707669
0.1707669
0.1707669
0.1707669
0.1707669
0.1707669
0.1707669
0.1707669
0.1707669
0.1707669
0.1707669
0.1707669
0.1707669
0.1707669
0.1707669
0.1707669
0.1707669
0.1707669
0.1707669
0.1707669
0.1707669
0.1707669
0.1707669
0.1707669
0.1707669
0.1707669
0.1707669
0.1707669
0.1707669
0.1707669
0.1707669
0.1707669
0.1707669
0.1707669
0.1707669
0.1707669
0.1707669
0.1707669
0.1707669
0.1707669
0.1707669
0.1707669
0.1707669
0.1707669
0.1707669
0.1707669
0.1707669
0.1707669
0.1707669
0.1707669
0.1707669
0.1707669
0.1707669
0.1707669
0.1707669
0.1707669
0.1707669
0.1707669
0.1707669
0.1707669
0.1707669
0.1707669
0.1707669
0.17179534
0.17179534
0.17179534
0.17179534
0.17179534
0.17179534
0.17179534
0.17179534
0.17179534
0.17179534
0.17179534
0.17179534
0.17179534
0.17179534
0.17179534
0.17179534
0.17179534
0.17179534
0.17179534
0.17179534
0.17179534
0.17179534
0.17179534
0.17179534
0.17179534
0.17179534
0.17179534
0.17179534
0.17179534
0.17179534
0.17179534
0.17179534
0.17179534
0.17179534
0.17179534
0.17179534
0.17179534
0.17179534
0.17179534
0.17179534
0.17179534
0.17179534
0.17179534
0.17179534
0.17179534
0.17179534
0.17179534
0.17179534
0.17179534
0.17179534
0.17179534
0.17179534
0.17179534
0.17179534
0.17179534
0.17179534
0.17179534
0.17179534
0.17179534
0.17179534
0.17179534
0.17179534
0.17179534
0.17179534
0.17179534
0.17179534
0.17179534
0.17179534
0.17179534
0.17179534
0.17179534
0.17179534
0.17179534
0.17179534
0.17179534
0.17179534
0.17179534
0.17179534
0.17179534
0.17179534
0.17179534
0.17179534
0.17179534
0.17179534
0.17179534
0.17179534
0.17179534
0.17179534
0.17179534
0.17179534
0.17179534
0.17179534
0.17179534
0.17179534
0.17179534
0.17179534
0.17179534
0.17179534
0.17179534
0.17179534
0.17179534
0.17179534
0.17179534
0.17179534
0.17179534
0.17179534
0.17179534
0.17179534
0.17179534
0.17179534
0.17179534
0.17179534
0.17179534
0.17179534
0.17179534
0.17179534
0.17179534
0.17179534
0.17179534
0.17179534
0.17179534
0.17179534
0.17179534
0.17179534
0.17179534
0.17179534
0.17179534
0.17179534
0.17179534
0.17179534
0.17179534
0.17179534
0.17179534
0.17179534
0.17179534
0.17179534
0.17179534
0.17179534
0.17179534
0.17179534
0.17179534
0.17179534
0.17179534
0.17179534
0.17179534
0.17179534
0.17179534
0.17179534
0.17179534
0.17179534
0.17179534
0.17179534
0.17179534
0.17179534
0.17179534
0.17179534
0.17179534
0.17179534
0.17179534
0.17179534
0.17179534
0.17179534
0.17179534
0.17179534
0.17179534
0.17179534
0.17179534
0.17179534
0.17179534
0.17179534
0.17179534
0.17179534
0.17179534
0.17179534
0.17179534
0.17179534
0.17179534
0.17179534
0.17179534
0.17179534
0.17179534
0.17179534
0.17179534
0.17179534
0.17179534
0.17179534
0.17179534
0.17179534
0.17179534
0.17179534
0.17179534
0.17179534
0.17179534
0.17179534
0.17179534
0.17179534
0.17179534
0.17179534
0.17179534
0.17179534
0.17179534
0.17179534
0.17179534
0.17179534
0.17179534
0.17179534
0.17179534
0.17179534
0.17179534
0.17179534
0.17179534
0.17179534
0.17179534
0.17179534
0.17179534
0.17179534
0.17179534
0.17179534
0.17179534
0.17179534
0.17179534
0.17179534
0.17179534
0.17179534
0.17179534
0.17179534
0.17179534
0.17179534
0.17179534
0.17179534
0.17179534
0.17179534
0.17179534
0.17179534
0.17179534
0.17179534
0.17179534
0.17179534
0.17179534
0.17179534
0.17179534
0.17179534
0.17179534
0.17179534
0.17179534
0.17179534
0.17179534
0.17179534
0.17179534
0.17179534
0.17179534
0.17179534
0.17179534
0.17179534
0.17179534
0.17179534
0.17179534
0.17179534
0.17179534
0.17179534
0.17179534
0.17179534
0.17179534
0.17179534
0.17179534
0.17179534
0.17179534
0.17179534
0.17179534
0.17179534
0.17179534
0.17179534
0.17179534
0.17179534
0.17179534
0.17179534
0.17179534
0.17179534
0.17179534
0.17179534
0.17179534
0.17179534
0.17179534
0.17179534
0.17179534
0.17179534
0.17179534
0.17179534
0.17179534
0.17179534
0.17179534
0.17179534
0.17179534
0.17179534
0.17179534
0.17179534
0.17179534
0.17179534
0.17179534
0.17179534
0.17179534
0.17179534
0.17179534
0.17179534
0.17179534
0.17179534
0.17179534
0.17179534
0.17179534
0.17179534
0.17179534
0.17179534
0.17179534
0.17179534
0.17179534
0.17179534
0.17179534
0.17179534
0.17179534
0.17179534
0.17179534
0.17179534
0.17179534
0.17179534
0.17179534
0.17179534
0.17179534
0.17179534
0.17179534
0.17179534
0.17179534
0.17179534
0.17179534
0.17179534
0.17179534
0.17179534
0.17179534
0.17179534
0.17179534
0.17179534
0.17179534
0.17179534
0.17179534
0.17179534
0.17179534
0.17179534
0.17179534
0.17179534
0.17179534
0.17179534
0.17179534
0.17179534
0.17179534
0.17179534
0.17179534
0.17179534
0.17179534
0.17179534
0.17179534
0.17179534
0.17179534
0.17179534
0.17179534
0.17179534
0.17179534
0.17179534
0.17179534
0.17179534
0.17179534
0.17179534
0.17179534
0.17179534
0.17179534
0.17179534
0.17179534
0.17179534
0.17179534
0.17179534
0.17179534
0.17179534
0.17179534
0.17179534
0.17179534
0.17179534
0.17179534
0.17179534
0.17179534
0.17179534
0.17179534
0.17179534
0.17179534
0.17179534
0.17179534
0.17179534
0.17179534
0.17179534
0.17179534
0.17179534
0.17179534
0.17179534
0.17179534
0.17179534
0.17179534
0.17179534
0.17179534
0.17179534
0.17179534
0.17179534
0.17179534
0.17179534
0.17179534
0.17179534
0.17179534
0.17179534
0.17179534
0.17179534
0.17179534
0.17179534
0.17179534
0.17179534
0.17179534
0.17179534
0.17179534
0.17179534
0.17179534
0.17179534
0.17179534
0.17179534
0.17179534
0.17179534
0.17179534
0.17179534
0.17179534
0.17179534
0.17179534
0.17179534
0.17179534
0.17179534
0.17179534
0.17179534
0.17179534
0.17179534
0.17179534
0.17179534
0.17179534
0.17179534
0.17179534
0.17179534
0.17179534
0.17179534
0.17179534
0.17179534
0.17179534
0.17179534
0.17179534
0.17179534
0.17179534
0.17179534
0.17179534
0.17179534
0.17179534
0.17179534
0.17179534
0.17179534
0.17179534
0.17179534
0.17179534
0.17179534
0.17179534
0.17179534
0.17179534
0.17179534
0.17179534
0.17179534
0.17179534
0.17179534
0.17179534
0.17179534
0.17179534
0.17179534
0.17179534
0.17179534
0.17179534
0.17179534
0.17179534
0.17179534
0.17179534
0.17179534
0.17179534
0.17179534
0.17179534
0.17179534
0.17179534
0.17179534
0.17179534
0.17179534
0.17179534
0.17179534
0.17179534
0.17179534
0.17179534
