Reliability
0
0
0
0
0
0
0.04
0.04
0.04
0.04
0.07911277
0.07911277
0.07911277
0.07911277
0.07911277
0.07325456
0.07325456
0.09897913
0.1266405
0.1266405
0.1266405
0.1266405
0.12744427
0.12744427
0.12744427
0.12744427
0.13072896
0.15708603
0.19166304
0.19166304
0.19166304
0.19166304
0.19166304
0.19166304
0.22281262
0.22281262
0.22281262
0.22890458
0.22890458
0.22890458
0.22890458
0.23497222
0.23596604
0.23596604
0.23596604
0.23596604
0.23596604
0.23596604
0.23596604
0.23596604
0.23596604
0.23596604
0.23596604
0.23596604
0.23596604
0.23596604
0.23596604
0.23596604
0.23596604
0.23596604
0.23596604
0.23596604
0.23596604
0.23596604
0.23596604
0.23596604
0.23917934
0.23917934
0.2394733
0.2394733
0.2394733
0.2394733
0.2394733
0.2394733
0.2394733
0.2394733
0.2394733
0.2394733
0.2394733
0.2394733
0.2394733
0.2394733
0.2394733
0.2394733
0.2394733
0.2394733
0.2394733
0.2394733
0.2394733
0.2394733
0.2394733
0.2394733
0.2394733
0.2394733
0.2394733
0.2394733
0.2394733
0.2394733
0.2394733
0.2394733
0.2394733
0.24325672
0.24325672
0.24325672
0.24325672
0.24325672
0.24325672
0.24325672
0.24325672
0.24325672
0.24325672
0.24325672
0.24325672
0.24325672
0.24325672
0.24325672
0.24325672
0.24325672
0.24325672
0.24325672
0.24325672
0.24325672
0.24325672
0.24325672
0.24325672
0.24325672
0.24325672
0.24325672
0.24325672
0.24325672
0.24325672
0.24325672
0.24325672
0.24325672
0.24325672
0.24325672
0.24325672
0.24325672
0.24325672
0.24325672
0.24325672
0.24325672
0.24325672
0.24325672
0.24325672
0.24325672
0.24325672
0.24325672
0.24325672
0.24325672
0.24325672
0.24325672
0.24325672
0.24325672
0.24325672
0.24325672
0.24325672
0.23754512
0.23754512
0.23754512
0.23754512
0.23754512
0.23754512
0.23754512
0.23754512
0.23754512
0.23754512
0.23754512
0.23754512
0.23754512
0.23754512
0.23754512
0.23754512
0.23754512
0.23754512
0.23754512
0.23754512
0.23754512
0.23754512
0.23754512
0.23754512
0.23754512
0.23754512
0.23754512
0.22750817
0.22750817
0.22750817
0.22750817
0.22750817
0.22750817
0.22750817
0.22750817
0.22750817
0.22750817
0.22750817
0.22750817
0.22750817
0.22750817
0.22750817
0.22750817
0.22750817
0.22750817
0.22750817
0.22750817
0.25573418
0.25573418
0.25573418
0.25573418
0.25573418
0.25573418
0.25573418
0.25573418
0.25573418
0.25573418
0.25573418
0.25573418
0.25573418
0.25573418
0.25573418
0.25573418
0.25573418
0.25573418
0.25573418
0.25573418
0.25573418
0.25573418
0.25573418
0.25573418
0.25573418
0.25573418
0.25573418
0.25573418
0.25573418
0.25573418
0.25573418
0.25573418
0.25573418
0.25573418
0.25573418
0.25573418
0.25573418
0.25573418
0.25573418
0.25573418
0.25573418
0.25573418
0.25573418
0.25573418
0.25573418
0.25573418
0.25573418
0.25573418
0.25573418
0.25573418
0.25573418
0.25573418
0.25573418
0.25573418
0.25573418
0.25573418
0.25573418
0.25573418
0.25573418
0.25573418
0.25573418
0.25573418
0.25573418
0.25573418
0.25573418
0.25573418
0.25573418
0.25573418
0.25573418
0.25573418
0.25573418
0.25573418
0.25573418
0.25573418
0.25573418
0.25573418
0.25573418
0.25573418
0.25573418
0.25573418
0.2560319
0.2933574
0.2933574
0.2939864
0.32633087
0.32633087
0.32633087
0.32633087
0.32633087
0.32633087
0.32633087
0.32633087
0.32633087
0.32633087
0.32633087
0.32633087
0.32633087
0.32633087
0.32633087
0.32633087
0.32633087
0.32633087
0.32633087
0.32633087
0.32633087
0.32633087
0.32633087
0.32633087
0.32633087
0.32633087
0.32633087
0.32633087
0.32633087
0.32633087
0.32633087
0.32633087
0.32633087
0.3226181
0.3226181
0.3226181
0.3226181
0.3226181
0.3226181
0.3226181
0.3226181
0.3226181
0.3226181
0.3226181
0.3226181
0.3226181
0.3226181
0.3226181
0.3226181
0.3226181
0.3226181
0.32283673
0.32283673
0.32283673
0.32283673
0.32283673
0.32283673
0.32283673
0.32283673
0.32283673
0.32283673
0.32283673
0.32283673
0.32283673
0.32283673
0.32283673
0.32283673
0.32283673
0.32283673
0.32283673
0.32283673
0.32283673
0.32283673
0.32283673
0.32387084
0.32387084
0.32387084
0.32387084
0.32387084
0.32387084
0.32387084
0.3512289
0.3512289
0.3512289
0.3512289
0.3512289
0.3512289
0.3512289
0.3512289
0.3512289
0.3512289
0.3512289
0.3512289
0.352264
0.352264
0.352264
0.35414857
0.35414857
0.35414857
0.38830176
0.38830176
0.38830176
0.38830176
0.38830176
0.38830176
0.38830176
0.38830176
0.38830176
0.40478912
0.40478912
0.40478912
0.40478912
0.40478912
0.40478912
0.40478912
0.40478912
0.40478912
0.40478912
0.40478912
0.40478912
0.40478912
0.40478912
0.40481037
0.40481037
0.40481037
0.40481037
0.40481037
0.40481037
0.40481037
0.40481037
0.40481037
0.40481037
0.40481037
0.40481037
0.40481037
0.40481037
0.40481037
0.40481037
0.40481037
0.40481037
0.40481037
0.40481037
0.40481037
0.40481037
0.40481037
0.40481037
0.4057763
0.4057763
0.4057763
0.4057763
0.4057763
0.4057763
0.4057763
0.4057763
0.4057763
0.4057763
0.4057763
0.4057763
0.4057763
0.4057763
0.40591177
0.40591177
0.40591177
0.40591177
0.40591177
0.40591177
0.40591177
0.40591177
0.40591177
0.40591177
0.40591177
0.40591177
0.40591177
0.40591177
0.40591177
0.40591177
0.40591177
0.40591177
0.40591177
0.40591177
0.40591177
0.40591177
0.40591177
0.40591177
0.40591177
0.40591177
0.40591177
0.40591177
0.40591177
0.40591177
0.40591177
0.40591177
0.40591177
0.41056383
0.41056383
0.41056383
0.41056383
0.41056383
0.41056383
0.41056383
0.41056383
0.41056383
0.41056383
0.41056383
0.41056383
0.41056383
0.41056383
0.41056383
0.41056383
0.41056383
0.41056383
0.41056383
0.41056383
0.41056383
0.41056383
0.41056383
0.41056383
0.41056383
0.41056383
0.41056383
0.41056383
0.41056383
0.41056383
0.41056383
0.41056383
0.41056383
0.41056383
0.41056383
0.41056383
0.41056383
0.41056383
0.41056383
0.41056383
0.41056383
0.41056383
0.39839694
0.39839694
0.39839694
0.39839694
0.39839694
0.39839694
0.39839694
0.39839694
0.39839694
0.39839694
0.39839694
0.39839694
0.39839694
0.39839694
0.39839694
0.39839694
0.39839694
0.39839694
0.39839694
0.39839694
0.39839694
0.39839694
0.39839694
0.39839694
0.39839694
0.39839694
0.39839694
0.39839694
0.39839694
0.40102103
0.40102103
0.40102103
0.40102103
0.40102103
0.40102103
0.40102103
0.40102103
0.40102103
0.40102103
0.40102103
0.40102103
0.40102103
0.40102103
0.40102103
0.40102103
0.40102103
0.40102103
0.40102103
0.40102103
0.40102103
0.40102103
0.40102103
0.40102103
0.40102103
0.40102103
0.40102103
0.40102103
0.40102103
0.40135884
0.40135884
0.40135884
0.40135884
0.40135884
0.40135884
0.40135884
0.40135884
0.40135884
0.40135884
0.40135884
0.40135884
0.40135884
0.40135884
0.40135884
0.40135884
0.40135884
0.40135884
0.40135884
0.40135884
0.40135884
0.40135884
0.40135884
0.40135884
0.40135884
0.40135884
0.40135884
0.40135884
0.40135884
0.40135884
0.40135884
0.4040653
0.4040653
0.4040653
0.4040653
0.4040653
0.4040653
0.4040653
0.4040653
0.4040653
0.4040653
0.4040653
0.4040653
0.4040653
0.4040653
0.4040653
0.4040653
0.4040653
0.4040653
0.4040653
0.4040653
0.4040653
0.4040653
0.4040653
0.4040653
0.4040653
0.4040653
0.4040653
0.4040653
0.4040653
0.4040653
0.4040653
0.4040653
0.4040653
0.4040653
0.40435076
0.40435076
0.40435076
0.40435076
0.40435076
0.40435076
0.40435076
0.40435076
0.40435076
0.40435076
0.40435076
0.40435076
0.40435076
0.40435076
0.40435076
0.40435076
0.40435076
0.40435076
0.40435076
0.40435076
0.40435076
0.40532494
0.40532494
0.40532494
0.40532494
0.40532494
0.40532494
0.40532494
0.40532494
0.40532494
0.40532494
0.40532494
0.40532494
0.40532494
0.40532494
0.40532494
0.40532494
0.40532494
0.40532494
0.40532494
0.40532494
0.40532494
0.40532494
0.40532494
0.40532494
0.40532494
0.40532494
0.40532494
0.40532494
0.40532494
0.40532494
0.40532494
0.40532494
0.40570027
0.40570027
0.40570027
0.40570027
0.40570027
0.40570027
0.40570027
0.40570027
0.40570027
0.40570027
0.40570027
0.40570027
0.40570027
0.40570027
0.40570027
0.40570027
0.40570027
0.40570027
0.40570027
0.40570027
0.40570027
0.40570027
0.40570027
0.40570027
0.40570027
0.41186243
0.41186243
0.41186243
0.41186243
0.41186243
0.41186243
0.41186243
0.41186243
0.41186243
0.41186243
0.41186243
0.41186243
0.41186243
0.41186243
0.41186243
0.41186243
0.41186243
0.41186243
0.41186243
0.41186243
0.41186243
0.41186243
0.41186243
0.41186243
0.41186243
0.41186243
0.41186243
0.41186243
0.41186243
0.41186243
0.41186243
0.41186243
0.41186243
0.41186243
0.41186243
0.41186243
0.4134857
0.4134857
0.4134857
0.4134857
0.4134857
0.4134857
0.4134857
0.4134857
0.4134857
0.4134857
0.4134857
0.4134857
0.4134857
0.4134857
0.4134857
0.4134857
0.4134857
0.4134857
0.4134857
0.4134857
0.4134857
0.4134857
0.4134857
0.4134857
0.4134857
0.4134857
0.4134857
0.4134857
0.4134857
0.4134857
0.4134857
0.4134857
0.4134857
0.4134857
0.4134857
0.4134857
0.4134857
0.4134857
0.4134857
0.4134857
0.4134857
0.4134857
0.4134857
0.4134857
0.4134857
0.4134857
0.4134857
0.4134857
0.4134857
0.4134857
0.4134857
0.4134857
0.4134857
0.4134857
0.4134857
0.4134857
0.4134857
0.4134857
0.4134857
0.4134857
0.4134857
0.4134857
0.4134857
0.4134857
0.4134857
0.4134857
0.4134857
0.4134857
0.4112137
0.4112137
0.4112137
0.4112137
0.4112137
0.4112137
0.4112137
0.4112137
0.4112137
0.4112137
0.4112137
0.4112137
0.4112137
0.4112137
0.4112137
0.4112137
0.4112137
0.4112137
0.4112137
0.4112137
0.4112137
0.4112137
0.41278493
0.41278493
0.41278493
0.41278493
0.41278493
0.41278493
0.41278493
0.41278493
0.41278493
0.41278493
0.41278493
0.41278493
0.41278493
0.41278493
0.41278493
0.41278493
0.41278493
0.41278493
0.41278493
0.41278493
0.41278493
0.41278493
0.41278493
0.41278493
0.41278493
0.41278493
0.41278493
0.41549405
0.41549405
0.41549405
0.41549405
0.41549405
0.41549405
0.41549405
0.41549405
0.41549405
0.41549405
0.41549405
0.41549405
0.41575906
0.41575906
0.41575906
0.41575906
0.41575906
0.41575906
0.41575906
0.41575906
0.41575906
0.41575906
0.41575906
0.41575906
0.41575906
0.41575906
0.41575906
0.41575906
0.41575906
0.41575906
0.41575906
0.41575906
0.41575906
0.41575906
0.41575906
0.41575906
0.41575906
0.41575906
0.41575906
0.41575906
0.41630116
0.41630116
0.42198765
0.42198765
0.42198765
0.42198765
0.42198765
0.42198765
0.42198765
0.42198765
0.42198765
0.42198765
0.42198765
0.42198765
0.42198765
0.42198765
0.42198765
0.42198765
0.42198765
0.42198765
0.42198765
0.42198765
0.42198765
0.42198765
0.43105763
0.43105763
0.43105763
0.43105763
0.43105763
0.43105763
0.43105763
0.43105763
0.43105763
0.4236243
0.4236243
0.4236243
0.4236243
0.4236243
0.4236243
0.4236243
0.4236243
0.4236243
0.4236243
0.4236243
0.4236243
0.4236243
0.4236243
0.4236243
0.4236243
0.4236243
0.4236243
0.4236243
0.4236243
0.4236243
0.4236243
0.4236243
0.4236243
0.4236243
0.4236243
0.4236243
0.4236243
0.4236243
0.42366436
0.42366436
0.42366436
0.42366436
0.42366436
0.43004787
0.43004787
0.43004787
0.43004787
0.43004787
0.43004787
0.43004787
0.43004787
0.43004787
0.43004787
0.43004787
0.43004787
0.43004787
0.43004787
0.43004787
0.43004787
0.43004787
0.43004787
0.43004787
0.43004787
0.43004787
0.43004787
0.43004787
0.43004787
0.43004787
0.43004787
0.43004787
0.43004787
0.43004787
0.43004787
0.43004787
0.43004787
0.43004787
0.43004787
0.43004787
0.43004787
0.43004787
0.43004787
0.43004787
0.43004787
0.43004787
0.43035057
0.43035057
0.43035057
0.43035057
0.43035057
0.43035057
0.43035057
0.43062666
0.43062666
0.43062666
0.43062666
0.43062666
0.43062666
0.43062666
0.43062666
0.43062666
0.43079108
0.43079108
0.43079108
0.43079108
0.43079108
0.43079108
0.43079108
0.43079108
0.43079108
0.43079108
0.43079108
0.43079108
0.43079108
0.43079108
0.43079108
0.43079108
0.43079108
0.43079108
0.43079108
0.43079108
0.43079108
0.43079108
0.43079108
0.43079108
0.43079108
0.43079108
0.43079108
0.43079108
0.43079108
0.43079108
0.43079108
0.43079108
0.43079108
0.43079108
0.43079108
0.43079108
0.43079108
0.43079108
0.43079108
0.43079108
0.43079108
0.43079108
0.43079108
0.43079108
0.43079108
0.43079108
0.43079108
0.43079108
0.43079108
0.43079108
0.43079108
0.43079108
0.43079108
0.43079108
0.43079108
0.43079108
0.43079108
0.43079108
0.43079108
0.43079108
0.43079108
0.43079108
0.43079108
0.43079108
0.43079108
0.43079108
0.43079108
0.43079108
0.43079108
0.43079108
0.43079108
0.43079108
0.43079108
0.43079108
0.43079108
0.43079108
0.43079108
0.43079108
0.43079108
0.43079108
0.43079108
0.43079108
0.43079108
0.43079108
0.43079108
0.43079108
0.43079108
0.43079108
0.43079108
0.4393253
0.4393253
0.4393253
0.4393253
0.4393253
0.4393253
0.4393253
0.4393253
0.4393253
0.4396152
0.4396152
0.4434458
0.4434458
0.4434458
0.4434458
0.4434458
0.4434458
0.4434458
0.4434458
0.4434458
0.4434458
0.4434458
0.4434458
0.4434458
0.4434458
0.44564953
0.44564953
0.44564953
0.44564953
0.44564953
0.44564953
0.44564953
0.44564953
0.44564953
0.44564953
0.44564953
0.44564953
0.44564953
0.44564953
0.44564953
0.44564953
0.44564953
0.44564953
0.44564953
0.44564953
0.44564953
0.44564953
0.44564953
0.44564953
0.44564953
0.44564953
0.44564953
0.44564953
0.44564953
0.4479452
0.4479452
0.4479452
0.4479452
0.4479452
0.4479452
0.4479452
0.4479452
0.4479452
0.4479452
0.4479452
0.4479452
0.4479452
0.4479452
0.4479452
0.4479452
0.4479452
0.4479452
0.4479452
0.4479452
0.4479452
0.4479452
0.4479452
0.4479452
0.4479452
0.4479452
0.4479452
0.4479452
0.4479452
0.45028344
0.45028344
0.45028344
0.45028344
0.45028344
0.45028344
0.45028344
0.45028344
0.45028344
0.45028344
0.45028344
0.45028344
0.45028344
0.45028344
0.45028344
0.45028344
0.45028344
0.45028344
0.45028344
0.45028344
0.45028344
0.45028344
0.45028344
0.45028344
0.45028344
0.45028344
0.45028344
0.45028344
0.45028344
0.45028344
0.45028344
0.45028344
0.45028344
0.45028344
0.45028344
0.45028344
0.45028344
0.45028344
0.45028344
0.45028344
0.45028344
0.45028344
0.45028344
0.45028344
0.45028344
0.45028344
0.45028344
0.45028344
0.45028344
0.45028344
0.45028344
0.45028344
0.45028344
0.45028344
0.45028344
0.45028344
0.45028344
0.45028344
0.45028344
0.45028344
0.45028344
0.45028344
0.45028344
0.45028344
0.45028344
0.45028344
0.45028344
0.45028344
0.45028344
0.45028344
0.45028344
0.45028344
0.45028344
0.45028344
0.45028344
0.45028344
0.45028344
0.45028344
0.45028344
0.45028344
0.45028344
0.45028344
0.45028344
0.45028344
0.45028344
0.45028344
0.45028344
0.45028344
0.45028344
0.45028344
0.45028344
0.45028344
0.45028344
0.45028344
0.45028344
0.45028344
0.45209846
0.45209846
0.45209846
0.45209846
0.45209846
0.45209846
0.45209846
0.45209846
0.45209846
0.45209846
0.45209846
0.45209846
0.45209846
0.45209846
0.45209846
0.45209846
0.45209846
0.45209846
0.45209846
0.45209846
0.45209846
0.4544817
0.4544817
0.4544817
0.4544817
0.4544817
0.4544817
0.4544817
0.4544817
0.4544817
0.4544817
0.4544817
0.4544817
0.4544817
0.4544817
0.4544817
0.4544817
0.4544817
0.4544817
0.4544817
0.4544817
0.4544817
0.4544817
0.4544817
0.4544817
0.4544817
0.4544817
0.4544817
0.4544817
0.4544817
0.4544817
0.4544817
0.4544817
0.4544817
0.4544817
0.4544817
0.4544817
0.4544817
0.4544817
0.4544817
0.4544817
0.4544817
0.4544817
0.4544817
0.4544817
0.4544817
0.4544817
0.4544817
0.4544817
0.4544817
0.4544817
0.4544817
0.4544817
0.4544817
0.4544817
0.4544817
0.4544817
0.4544817
0.4544817
0.4544817
0.4544817
0.4544817
0.4544817
0.4544817
0.4544817
0.4544817
0.4544817
0.4544817
0.4544817
0.4284321
0.4284321
0.4284321
0.4284321
0.4284321
0.4284321
0.4284321
0.4284321
0.4284321
0.4284321
0.4284321
0.4284321
0.4284321
0.4284321
0.4284321
0.4284321
0.4284321
0.4284321
0.4284321
0.4284321
0.4284321
0.4284321
0.4284321
0.4284321
0.4284321
0.4284321
0.4284321
0.4284321
0.4284321
0.4284321
0.4284321
0.4284321
0.4284321
0.4284321
0.4284321
0.4284321
0.4284321
0.4284321
0.4284321
0.4284321
0.4284321
0.4284321
0.4284321
0.4284321
0.4284321
0.4284321
0.4284321
0.4284321
0.4284321
0.4284321
0.4284321
0.4284321
0.4284321
0.4284321
0.42920116
0.42920116
0.42920116
0.42920116
0.42920116
0.42920116
0.42920116
0.42920116
0.42920116
0.42920116
0.42920116
0.42920116
0.42920116
0.42920116
0.42920116
0.42920116
0.42920116
0.42920116
0.42920116
0.42920116
0.42920116
0.42920116
0.42920116
0.42920116
0.42920116
0.42920116
0.42920116
0.42920116
0.42920116
0.42920116
0.42920116
0.42920116
0.42920116
0.42920116
0.42920116
0.42920116
0.42920116
0.42920116
0.42920116
0.42920116
0.42920116
0.42920116
0.42920116
0.42920116
0.42920116
0.42920116
0.42920116
0.42920116
0.42920116
0.42920116
0.42920116
0.42920116
0.42920116
0.42920116
0.42920116
0.42920116
0.42920116
0.42920116
0.42920116
0.42920116
0.42920116
0.42920116
0.42920116
0.42920116
0.42920116
0.42920116
0.42920116
0.42920116
0.42920116
0.42920116
0.42920116
0.42920116
0.42920116
0.42920116
0.42920116
0.42920116
0.42920116
0.42920116
0.42920116
0.42920116
0.42920116
0.42920116
0.42920116
0.42920116
0.42920116
0.42920116
0.42920116
0.42920116
0.42920116
0.42920116
0.42920116
0.42920116
0.42920116
0.42920116
0.42920116
0.42920116
0.42920116
0.42920116
0.42920116
0.42920116
0.42920116
0.42920116
0.42920116
0.42920116
0.42920116
0.42920116
0.42920116
0.42920116
0.42920116
0.42920116
0.42920116
0.42920116
0.42920116
0.42920116
0.42920116
0.42920116
0.42920116
0.42920116
0.42920116
0.42920116
0.42920116
0.42920116
0.42920116
0.42920116
0.42920116
0.42920116
0.42920116
0.42920116
0.42920116
0.42920116
0.42920116
0.42920116
0.42920116
0.42920116
0.42920116
0.42920116
0.42920116
0.42920116
0.42920116
0.42920116
0.42920116
0.42920116
0.42920116
0.42920116
0.42920116
0.42920116
0.42920116
0.42920116
0.42920116
0.42920116
0.42920116
0.42920116
0.42920116
0.42920116
0.42920116
0.42920116
0.42920116
0.42920116
0.42920116
0.42920116
0.42920116
0.42920116
0.42920116
0.42920116
0.42920116
0.42920116
0.42920116
0.42920116
0.43045145
0.43045145
0.43045145
0.43045145
0.43045145
0.43045145
0.43045145
0.43045145
0.43045145
0.43045145
0.43045145
0.43045145
0.43045145
0.43045145
0.43045145
0.43045145
0.43045145
0.43045145
0.43045145
0.43045145
0.43045145
0.43045145
0.43045145
0.43045145
0.43045145
0.43045145
0.43045145
0.43045145
0.43045145
0.43045145
0.43045145
0.43045145
0.43045145
0.43045145
0.43045145
0.43045145
0.43045145
0.43045145
0.43045145
0.43045145
0.43045145
0.43045145
0.43045145
0.43045145
0.43045145
0.43045145
0.43045145
0.43045145
0.43045145
0.43045145
0.43045145
0.43045145
0.43045145
0.43045145
0.43045145
0.43045145
0.43045145
0.43045145
0.43045145
0.43045145
0.43045145
0.43045145
0.43045145
0.43045145
0.43045145
0.43045145
0.43045145
0.43045145
0.43045145
0.43045145
0.43045145
0.43045145
0.43045145
0.43045145
0.43045145
0.43045145
0.43045145
0.43045145
0.43045145
0.43045145
0.43045145
0.43045145
0.43045145
0.43045145
0.43045145
0.43045145
0.43045145
0.43045145
0.43045145
0.43045145
0.43045145
0.43045145
0.43045145
0.43045145
0.43045145
0.43045145
0.43045145
0.43045145
0.43045145
0.43045145
0.43045145
0.43045145
0.43045145
0.43045145
0.43045145
0.43045145
0.43045145
0.43045145
0.43045145
0.43045145
0.43045145
0.43045145
0.43045145
0.43045145
0.43045145
0.43045145
0.43045145
0.43045145
0.43045145
0.43045145
0.43045145
0.43045145
0.43045145
0.43045145
0.43045145
0.43045145
0.43045145
0.43045145
0.43045145
0.43045145
0.43045145
0.43045145
0.43045145
0.43045145
0.43045145
0.43045145
0.43045145
0.43045145
0.43045145
0.43045145
0.43045145
0.43045145
0.43045145
0.43045145
0.43045145
0.43045145
0.43045145
0.43045145
0.43045145
0.43045145
0.43045145
0.43045145
0.43045145
0.43045145
0.43045145
0.43045145
0.43045145
0.43045145
0.43045145
0.43045145
0.43045145
0.43045145
0.43045145
0.43045145
0.43045145
0.43045145
0.43045145
0.43045145
0.43045145
0.43045145
0.43045145
0.43045145
0.43045145
0.43045145
0.43045145
0.43045145
0.43045145
0.43045145
0.43045145
0.43045145
0.43045145
0.43045145
0.43045145
0.43045145
0.43045145
0.43045145
0.43045145
0.43045145
0.43045145
0.43045145
0.43045145
0.43045145
0.43045145
0.43045145
0.43045145
0.43045145
0.43045145
0.43045145
0.43045145
0.43045145
0.43045145
0.43045145
0.43045145
0.43045145
0.43045145
0.43045145
0.43045145
0.43045145
0.43045145
0.43045145
0.43045145
0.43045145
0.43045145
0.43045145
0.43045145
0.43045145
0.43045145
0.43045145
0.43045145
0.43045145
0.43045145
0.43045145
0.43045145
0.43045145
0.43045145
0.43045145
0.43045145
0.43045145
0.43045145
0.43045145
0.43045145
0.43045145
0.43045145
0.43045145
0.43045145
0.43045145
0.43045145
0.43045145
0.43045145
0.43045145
0.43045145
0.43045145
0.43045145
0.43045145
0.43045145
0.43045145
0.43045145
0.43045145
0.43045145
0.43045145
0.43045145
0.43045145
0.43045145
0.43045145
0.43045145
0.43045145
0.43045145
0.43045145
0.43045145
0.43045145
0.43045145
0.43045145
0.43045145
0.43045145
0.43045145
0.43045145
0.43045145
0.43045145
0.43045145
0.43045145
0.43045145
0.43045145
0.43045145
0.43045145
0.43045145
0.43045145
0.43045145
0.43045145
0.43045145
0.43045145
0.43045145
0.43045145
0.43045145
0.43045145
0.43045145
0.43045145
0.43045145
0.43045145
0.43045145
0.43045145
0.43045145
0.43045145
0.43045145
0.43045145
0.43045145
0.43045145
0.43045145
0.43045145
0.43045145
0.43045145
0.43045145
0.43045145
0.43045145
0.43045145
0.43045145
0.43045145
0.43069607
0.43069607
0.43069607
0.43069607
0.43069607
0.43069607
0.43069607
0.43069607
0.43069607
0.43069607
0.43069607
0.43069607
0.43069607
0.43069607
0.43069607
0.43069607
0.43069607
0.43069607
0.43069607
0.43069607
0.43069607
0.43069607
0.43069607
0.43069607
0.43069607
0.43069607
0.43069607
0.43069607
0.43069607
0.43069607
0.43069607
0.43069607
0.43069607
0.43069607
0.43069607
0.43069607
0.43069607
0.43069607
0.43069607
0.43069607
0.43069607
0.43069607
0.43069607
0.43069607
0.43069607
0.43069607
0.43069607
0.43069607
0.43069607
0.43069607
0.43069607
0.43069607
0.43069607
0.43069607
0.43069607
0.43069607
0.43069607
0.43069607
0.43069607
0.43069607
0.43069607
0.43069607
0.43069607
0.43069607
0.43069607
0.43069607
0.43069607
0.43069607
0.43069607
0.43069607
0.43069607
0.43069607
0.43069607
0.43069607
0.43069607
0.43069607
0.43069607
0.43069607
0.43069607
0.43069607
0.43069607
0.43069607
0.43069607
0.43069607
0.43069607
0.43069607
0.43069607
0.43069607
0.43069607
0.43069607
0.43069607
0.43069607
0.43069607
0.43069607
0.43069607
0.43069607
0.43069607
0.43069607
0.43069607
0.43069607
0.43069607
0.43069607
0.43069607
0.43069607
0.43069607
0.43069607
0.43069607
0.43069607
0.43069607
0.43069607
0.43069607
0.43069607
0.43069607
0.43069607
0.43069607
0.43069607
0.43069607
0.43069607
0.43069607
0.43069607
0.43069607
0.43069607
0.43069607
0.43069607
0.43069607
0.43069607
0.43069607
0.43069607
0.43069607
0.43069607
0.43069607
0.43069607
0.43069607
0.43069607
0.43069607
0.43069607
0.43069607
0.43069607
0.43069607
0.43069607
0.43069607
0.43069607
0.43069607
0.43069607
0.43069607
0.43069607
0.43069607
0.43069607
0.43069607
0.43069607
0.43069607
0.43069607
0.43069607
0.43069607
0.43069607
0.43069607
0.43069607
0.43069607
0.43069607
0.43069607
0.43069607
0.43069607
0.43069607
0.43069607
0.43069607
0.43069607
0.43069607
0.43069607
0.43069607
0.43069607
0.43069607
0.43069607
0.43069607
0.43069607
0.43069607
0.43069607
0.43069607
0.43069607
0.43069607
0.43069607
0.43069607
0.43069607
0.43069607
0.43069607
0.43069607
0.43069607
0.43069607
0.43069607
0.43069607
0.43069607
0.43069607
0.43069607
0.43069607
0.43069607
0.43069607
0.43069607
0.43069607
0.43069607
0.43069607
0.43069607
0.43069607
0.43069607
0.43069607
0.43069607
0.43069607
0.43069607
0.43069607
0.43069607
0.43069607
0.43069607
0.43069607
0.43069607
0.43069607
0.43069607
0.43069607
0.43069607
0.43069607
0.43069607
0.43069607
0.43069607
0.43069607
0.43069607
0.43069607
0.43069607
0.43069607
0.43069607
0.43069607
0.43069607
0.43069607
0.43069607
0.43069607
0.43069607
0.43069607
0.43069607
0.43069607
0.43069607
0.43069607
0.43069607
0.43069607
0.43069607
0.43069607
0.43069607
0.43069607
0.43069607
0.43069607
0.43069607
0.43069607
0.43069607
0.43069607
0.43069607
0.43069607
0.43069607
0.43069607
0.43069607
0.43069607
0.43069607
0.43069607
0.43069607
0.43069607
0.43069607
0.43069607
0.43069607
0.43069607
0.43069607
0.43069607
0.43069607
0.43069607
0.43069607
0.43069607
0.43069607
0.43069607
0.43069607
0.43069607
0.43069607
0.43069607
0.43069607
0.43069607
0.43069607
0.43069607
0.43069607
0.43069607
0.43069607
0.43069607
0.43069607
0.43069607
0.43069607
0.43069607
0.43069607
0.43069607
0.43069607
0.43069607
0.43069607
0.43069607
0.43069607
0.43069607
0.43069607
0.43069607
0.43069607
0.43069607
0.43069607
0.43069607
0.43069607
0.43069607
0.43069607
0.43069607
0.43069607
0.43069607
0.43069607
0.43069607
0.43069607
0.43069607
0.43069607
0.43069607
0.43069607
0.43069607
0.43069607
0.43069607
0.43069607
0.43069607
0.43069607
0.43069607
0.43069607
0.43069607
0.43069607
0.43069607
0.43069607
0.43069607
0.43069607
0.43069607
0.43069607
0.43069607
0.43069607
0.43069607
0.43069607
0.43069607
0.43069607
0.43069607
0.43069607
0.43069607
0.43069607
0.43069607
0.43069607
0.43069607
0.43069607
0.43069607
0.43069607
0.43069607
0.43069607
0.43069607
0.43069607
0.43069607
0.43069607
0.43069607
0.43069607
0.43069607
0.43069607
0.43069607
0.43069607
0.43069607
0.43069607
0.43069607
0.43069607
0.43069607
0.43069607
0.43069607
0.43069607
0.43069607
0.43069607
0.43069607
0.43069607
0.43069607
0.43069607
0.43069607
0.43069607
0.43069607
0.43069607
0.43069607
0.43069607
0.43069607
0.43069607
0.43069607
0.43069607
0.43069607
0.43069607
0.43069607
0.43069607
0.43069607
0.43069607
0.43069607
0.43069607
0.43069607
0.43069607
0.43069607
0.43069607
0.43069607
0.43069607
0.43069607
0.43069607
0.43069607
0.43069607
0.43069607
0.43069607
0.43069607
0.43069607
0.43069607
0.43069607
0.43069607
0.43069607
0.43069607
0.43069607
0.43069607
0.43069607
0.43069607
0.43069607
0.43069607
0.43069607
0.43069607
0.43069607
0.43069607
0.43069607
0.43069607
0.43069607
0.43069607
0.43069607
0.43069607
0.43069607
0.43069607
0.43069607
0.43069607
0.43069607
0.43069607
0.43069607
0.43069607
0.43069607
0.43069607
0.43069607
0.43069607
0.43069607
0.43069607
0.43069607
0.43069607
0.43069607
0.43069607
0.43069607
0.43069607
0.43069607
0.43069607
0.43069607
0.43069607
0.43069607
0.43069607
0.43069607
0.43069607
0.43069607
0.43069607
0.43069607
0.43069607
0.43069607
0.43069607
0.43069607
0.43069607
0.43069607
0.43069607
0.43069607
0.43069607
0.43069607
0.43069607
0.43069607
0.43069607
0.43069607
0.43069607
0.43069607
0.43069607
0.43069607
0.43069607
0.43069607
0.43069607
0.43069607
0.43069607
0.43069607
0.43069607
0.43069607
0.43069607
0.43069607
0.43069607
0.43069607
0.43069607
0.43069607
0.43069607
0.43069607
0.43069607
0.43069607
0.43069607
0.43069607
0.43069607
0.43069607
0.43069607
0.43069607
0.43069607
0.43069607
