Reliability
0.04
0.078994505
0.078994505
0.07867994
0.11350557
0.11350557
0.11375935
0.11375935
0.11375935
0.11375935
0.11375935
0.11375935
0.11375935
0.11375935
0.115947045
0.115947045
0.107658625
0.10885701
0.10885701
0.10885701
0.11129752
0.11129752
0.11129752
0.11129752
0.11129752
0.11129752
0.11129752
0.11129752
0.11129752
0.11129752
0.11129752
0.11129752
0.11129752
0.11129752
0.11129752
0.11129752
0.11129752
0.11129752
0.11129752
0.11129752
0.11129752
0.11129752
0.11129752
0.11129752
0.11129752
0.11129752
0.11129752
0.11129752
0.11129752
0.11129752
0.11129752
0.11129752
0.11129752
0.11129752
0.11129752
0.11228332
0.11228332
0.11228332
0.11228332
0.14786386
0.14786386
0.14786386
0.14786386
0.14786386
0.14786386
0.14786386
0.14786386
0.14786386
0.14786386
0.14786386
0.14786386
0.14786386
0.14786386
0.14786386
0.14786386
0.14786386
0.14786386
0.14786386
0.14786386
0.14786386
0.14786386
0.14786386
0.14786386
0.14786386
0.14786386
0.14786386
0.14786386
0.14786386
0.14786386
0.14786386
0.14786386
0.14786386
0.14786386
0.14786386
0.1492479
0.1492479
0.1492479
0.1492479
0.1492479
0.1492479
0.1492479
0.1492479
0.1492479
0.1492479
0.1492479
0.1492479
0.1492479
0.1492479
0.1492479
0.1492479
0.1492479
0.1492479
0.1492479
0.1492479
0.1492479
0.1492479
0.1492479
0.1492479
0.1492479
0.1492479
0.1492479
0.1492479
0.1492479
0.1492479
0.1492479
0.1492479
0.1492479
0.1492479
0.1492479
0.1492479
0.1492479
0.1492479
0.1492479
0.1492479
0.1492479
0.1492479
0.14772621
0.14772621
0.14772621
0.14772621
0.14772621
0.14772621
0.14772621
0.14772621
0.14772621
0.14772621
0.14772621
0.14772621
0.14772621
0.14772621
0.14772621
0.14772621
0.14772621
0.14772621
0.14772621
0.14946268
0.14946268
0.14946268
0.14946268
0.14946268
0.14946268
0.14946268
0.14946268
0.14946268
0.14946268
0.14946268
0.14946268
0.14946268
0.14946268
0.14931127
0.14931127
0.14931127
0.14931127
0.14931127
0.14931127
0.14931127
0.14931127
0.14931127
0.14931127
0.14931127
0.14931127
0.14931127
0.14931127
0.14931127
0.14931127
0.14931127
0.14931127
0.14931127
0.14931127
0.14931127
0.14931127
0.14931127
0.14931127
0.14931127
0.14931127
0.14931127
0.14931127
0.14931127
0.14931127
0.14931127
0.14931127
0.14931127
0.14931127
0.14931127
0.14931127
0.14931127
0.14931127
0.14931127
0.14931127
0.14931127
0.14931127
0.14931127
0.14931127
0.14931127
0.14931127
0.14931127
0.14931127
0.14931127
0.14931127
0.14931127
0.14931127
0.14931127
0.14931127
0.14931127
0.14931127
0.14931127
0.14931127
0.14931127
0.14931127
0.14931127
0.14931127
0.14931127
0.14931127
0.14931127
0.14931127
0.14931127
0.14931127
0.14931127
0.14931127
0.14931127
0.14931127
0.14931127
0.14931127
0.14931127
0.14931127
0.14931127
0.14931127
0.14931127
0.14931127
0.14931127
0.14931127
0.14931127
0.14931127
0.14931127
0.14931127
0.14931127
0.14931127
0.14931127
0.14931127
0.14931127
0.14931127
0.14931127
0.14931127
0.14931127
0.14931127
0.14931127
0.14931127
0.14931127
0.14931127
0.14931127
0.14931127
0.14931127
0.15338033
0.15338033
0.15338033
0.15338033
0.15338033
0.15338033
0.15338033
0.15338033
0.18287167
0.18287167
0.18287167
0.18287167
0.18287167
0.18287167
0.18287167
0.18287167
0.18287167
0.18287167
0.18287167
0.18287167
0.18287167
0.18287167
0.20504586
0.20504586
0.20504586
0.20504586
0.20504586
0.20504586
0.20504586
0.20504586
0.20504586
0.20504586
0.20504586
0.20504586
0.20504586
0.20504586
0.20504586
0.20504586
0.20504586
0.20504586
0.20504586
0.20504586
0.20504586
0.20504586
0.19040573
0.19040573
0.19040573
0.19040573
0.19040573
0.19040573
0.19040573
0.19040573
0.19040573
0.19040573
0.19040573
0.19040573
0.19040573
0.19040573
0.19040573
0.19040573
0.20938937
0.20938937
0.20938937
0.20938937
0.20938937
0.21989842
0.21989842
0.21989842
0.21989842
0.21989842
0.21989842
0.21989842
0.21989842
0.21989842
0.21989842
0.21989842
0.21989842
0.21989842
0.21989842
0.21989842
0.21989842
0.21989842
0.21989842
0.21989842
0.21989842
0.21989842
0.21989842
0.21989842
0.21989842
0.21989842
0.21989842
0.21989842
0.21989842
0.21989842
0.21989842
0.21989842
0.21989842
0.24111512
0.2632748
0.2632748
0.2632748
0.2632748
0.2632748
0.2632748
0.2632748
0.2632748
0.2632748
0.2632748
0.2632748
0.2632748
0.2632748
0.2632748
0.2632748
0.2632748
0.2632748
0.2632748
0.2632748
0.2632748
0.2632748
0.28693458
0.28693458
0.28693458
0.28693458
0.28693458
0.28693458
0.28693458
0.28693458
0.28693458
0.28693458
0.2880601
0.2880601
0.2880601
0.2880601
0.2880601
0.2880601
0.2880601
0.2880601
0.2880601
0.2880601
0.2880601
0.2880601
0.2880601
0.2880601
0.2880601
0.2880601
0.2880601
0.2880601
0.2880601
0.2880601
0.2880601
0.2880601
0.2880601
0.2880601
0.2880601
0.31363672
0.31363672
0.31363672
0.31363672
0.31363672
0.31363672
0.31363672
0.31363672
0.31363672
0.31363672
0.31363672
0.31363672
0.31363672
0.31363672
0.31363672
0.31634015
0.31634015
0.31634015
0.31634015
0.31634015
0.31634015
0.31634015
0.31634015
0.31634015
0.31634015
0.31634015
0.31634015
0.31634015
0.31634015
0.31634015
0.31634015
0.31634015
0.31634015
0.31634015
0.31634015
0.31634015
0.31634015
0.31634015
0.31634015
0.31634015
0.31634015
0.31634015
0.31634015
0.31634015
0.31634015
0.31634015
0.32108885
0.32108885
0.32108885
0.32108885
0.32108885
0.32108885
0.32108885
0.32108885
0.32108885
0.32108885
0.32108885
0.32108885
0.32108885
0.32108885
0.32108885
0.32108885
0.32108885
0.32108885
0.32108885
0.32108885
0.32108885
0.32108885
0.32108885
0.32108885
0.32108885
0.32108885
0.32108885
0.32108885
0.32108885
0.32108885
0.32108885
0.32108885
0.32108885
0.32108885
0.32108885
0.32108885
0.32108885
0.32174218
0.32174218
0.32174218
0.32174218
0.32174218
0.32174218
0.32174218
0.32174218
0.32174218
0.32174218
0.32174218
0.32174218
0.32174218
0.32174218
0.32174218
0.3221775
0.3221775
0.3221775
0.3221775
0.3221775
0.3221775
0.3221775
0.3221775
0.3221775
0.3221775
0.3221775
0.3221775
0.32961693
0.32961693
0.32961693
0.32961693
0.32961693
0.32961693
0.32961693
0.32961693
0.32961693
0.32961693
0.33035895
0.33035895
0.33035895
0.33193535
0.33193535
0.33193535
0.33193535
0.33193535
0.33193535
0.33193535
0.33193535
0.33193535
0.33193535
0.33193535
0.33193535
0.33193535
0.33193535
0.33193535
0.33193535
0.33193535
0.33193535
0.33193535
0.33193535
0.33193535
0.33193535
0.33193535
0.33193535
0.33193535
0.33193535
0.33193535
0.33193535
0.33193535
0.33193535
0.33193535
0.33193535
0.33193535
0.33193535
0.33193535
0.33193535
0.33193535
0.33193535
0.33193535
0.33193535
0.33193535
0.33193535
0.33193535
0.33193535
0.33193535
0.33193535
0.3373385
0.3373385
0.3373385
0.3373385
0.3373385
0.3373385
0.3373385
0.3373385
0.3373385
0.3373385
0.3373385
0.3373385
0.3373385
0.3373385
0.3373385
0.3373385
0.3373385
0.3373385
0.3373385
0.3373385
0.3373385
0.3373385
0.3373385
0.3373385
0.3373385
0.3373385
0.3373385
0.3373385
0.3373385
0.3373385
0.3373385
0.3373385
0.3373385
0.3373385
0.3373385
0.3373385
0.3373385
0.3373385
0.3373385
0.3373385
0.3373385
0.3373385
0.3373385
0.3373385
0.3373385
0.3373385
0.3373385
0.3373385
0.3373385
0.3373385
0.34044948
0.34044948
0.34044948
0.34044948
0.34044948
0.34044948
0.34044948
0.34044948
0.34044948
0.34044948
0.34044948
0.34044948
0.34044948
0.34044948
0.34044948
0.34044948
0.34044948
0.34044948
0.34044948
0.34044948
0.34044948
0.34044948
0.34044948
0.34044948
0.34044948
0.34044948
0.34044948
0.34044948
0.34044948
0.34044948
0.34044948
0.34044948
0.34044948
0.34044948
0.34044948
0.34044948
0.34044948
0.34044948
0.34044948
0.34044948
0.34044948
0.34044948
0.34044948
0.34044948
0.34044948
0.34044948
0.34044948
0.34044948
0.34044948
0.34044948
0.34044948
0.34044948
0.34044948
0.34044948
0.34044948
0.34044948
0.34044948
0.34700128
0.34700128
0.34700128
0.34700128
0.34700128
0.34700128
0.34700128
0.34700128
0.34700128
0.34700128
0.3479313
0.3479313
0.3479313
0.3479313
0.3479313
0.3479313
0.3479313
0.3479313
0.3479313
0.3479313
0.3479313
0.3479313
0.3479313
0.3479313
0.3479313
0.3479313
0.3479313
0.3479313
0.3479313
0.3479313
0.3479313
0.3479313
0.3479313
0.34879205
0.34879205
0.34879205
0.3355353
0.3355353
0.3355353
0.3355353
0.3355353
0.3355353
0.3355353
0.3355353
0.3355353
0.3355353
0.3355353
0.3355353
0.3355353
0.3355353
0.3355353
0.3355353
0.3355353
0.3355353
0.3355353
0.3355353
0.3355353
0.3355353
0.3355353
0.3355353
0.3355353
0.3355353
0.3355353
0.3355353
0.3355353
0.3355353
0.3355353
0.3355353
0.3355353
0.3355353
0.3355353
0.3355353
0.3355353
0.3355353
0.3355353
0.3355353
0.3355353
0.3355353
0.33757696
0.33757696
0.33757696
0.33757696
0.33757696
0.33757696
0.33757696
0.33757696
0.33757696
0.32450965
0.32450965
0.32450965
0.32462978
0.32462978
0.32462978
0.32462978
0.32462978
0.32462978
0.32462978
0.32462978
0.32462978
0.32462978
0.32462978
0.32462978
0.32462978
0.32462978
0.32462978
0.32462978
0.32462978
0.32462978
0.32462978
0.32462978
0.32462978
0.32462978
0.32566318
0.32566318
0.32566318
0.32566318
0.32566318
0.32566318
0.32566318
0.32566318
0.32566318
0.32566318
0.32566318
0.32566318
0.32566318
0.32566318
0.32566318
0.32566318
0.32566318
0.32566318
0.32566318
0.32566318
0.32566318
0.32566318
0.32566318
0.32566318
0.32566318
0.32566318
0.32566318
0.32566318
0.32566318
0.32566318
0.32566318
0.32566318
0.32566318
0.32566318
0.32566318
0.32566318
0.32566318
0.32566318
0.32566318
0.32566318
0.32566318
0.32566318
0.32566318
0.32566318
0.32566318
0.32566318
0.32566318
0.32566318
0.32566318
0.32566318
0.32566318
0.32566318
0.32566318
0.32566318
0.32566318
0.32566318
0.32566318
0.32566318
0.32566318
0.32566318
0.32566318
0.32566318
0.32566318
0.32566318
0.32566318
0.32566318
0.32566318
0.32566318
0.32566318
0.32566318
0.32566318
0.32566318
0.32566318
0.32566318
0.32566318
0.32566318
0.32566318
0.32566318
0.32566318
0.32566318
0.32566318
0.32566318
0.32566318
0.32566318
0.32566318
0.32566318
0.32566318
0.32566318
0.32566318
0.32566318
0.32566318
0.32566318
0.32566318
0.32566318
0.32566318
0.32566318
0.32566318
0.32566318
0.32566318
0.32566318
0.32566318
0.32566318
0.32566318
0.32566318
0.32566318
0.32566318
0.32566318
0.32566318
0.32566318
0.32566318
0.32566318
0.32566318
0.32566318
0.32566318
0.32566318
0.32566318
0.32566318
0.32566318
0.32566318
0.32566318
0.32566318
0.32566318
0.32566318
0.35391024
0.35391024
0.35391024
0.35391024
0.35391024
0.35391024
0.35391024
0.35391024
0.35391024
0.35391024
0.35391024
0.35391024
0.35391024
0.35391024
0.35391024
0.35391024
0.3541279
0.3541279
0.3541279
0.3541279
0.3541279
0.3541279
0.3541279
0.3541279
0.3541279
0.3541279
0.3569258
0.35981607
0.35981607
0.35981607
0.35981607
0.35981607
0.35981607
0.35981607
0.35981607
0.35981607
0.35981607
0.35981607
0.35981607
0.35981607
0.35981607
0.35981607
0.35981607
0.35981607
0.35981607
0.35981607
0.35981607
0.35981607
0.35981607
0.35981607
0.35981607
0.35981607
0.35981607
0.35981607
0.35981607
0.35981607
0.35981607
0.35981607
0.35981607
0.35981607
0.35981607
0.35981607
0.35981607
0.35981607
0.35981607
0.35981607
0.35981607
0.35981607
0.35981607
0.35981607
0.35981607
0.35981607
0.35981607
0.35981607
0.35981607
0.35981607
0.35981607
0.35981607
0.35981607
0.35981607
0.35981607
0.35981607
0.35981607
0.35981607
0.35981607
0.36216095
0.36216095
0.36216095
0.36216095
0.36216095
0.36216095
0.36216095
0.36216095
0.36216095
0.36216095
0.36216095
0.36216095
0.36216095
0.36216095
0.36216095
0.36216095
0.36216095
0.36216095
0.36216095
0.36216095
0.36216095
0.36216095
0.36216095
0.36216095
0.36216095
0.36216095
0.36216095
0.36216095
0.36216095
0.36216095
0.36216095
0.36216095
0.36216095
0.36216095
0.36216095
0.36216095
0.36216095
0.36216095
0.36216095
0.36216095
0.36216095
0.36216095
0.36216095
0.36216095
0.36216095
0.36216095
0.36216095
0.36216095
0.36216095
0.36216095
0.36216095
0.36216095
0.36216095
0.36216095
0.36216095
0.36216095
0.36216095
0.36216095
0.36216095
0.36216095
0.36216095
0.36216095
0.36216095
0.36216095
0.36216095
0.36216095
0.36216095
0.36216095
0.36216095
0.36216095
0.36216095
0.36216095
0.36216095
0.36216095
0.36216095
0.36216095
0.36216095
0.36216095
0.36216095
0.36216095
0.36216095
0.36216095
0.36216095
0.36216095
0.36216095
0.36216095
0.36216095
0.36216095
0.36216095
0.3632152
0.3632152
0.3632152
0.3632152
0.3632152
0.3632152
0.3632152
0.3632152
0.3632152
0.36575922
0.36575922
0.36575922
0.36575922
0.36575922
0.36575922
0.36575922
0.36575922
0.36575922
0.36575922
0.36575922
0.36575922
0.36575922
0.36575922
0.36575922
0.36575922
0.36575922
0.36575922
0.36575922
0.36575922
0.36575922
0.36575922
0.36575922
0.36575922
0.36575922
0.36575922
0.36575922
0.36575922
0.36575922
0.36575922
0.36575922
0.36575922
0.36575922
0.36575922
0.36575922
0.36575922
0.36575922
0.36575922
0.36575922
0.36575922
0.36575922
0.36575922
0.36575922
0.36575922
0.36575922
0.36575922
0.36575922
0.36575922
0.36575922
0.36575922
0.36575922
0.36575922
0.36575922
0.36575922
0.36575922
0.36575922
0.36575922
0.36575922
0.36575922
0.36575922
0.36575922
0.36575922
0.36575922
0.36575922
0.36575922
0.36575922
0.36575922
0.36575922
0.36575922
0.36575922
0.36575922
0.36575922
0.36575922
0.36575922
0.36575922
0.36575922
0.36575922
0.36575922
0.36575922
0.36575922
0.36575922
0.36575922
0.36575922
0.36575922
0.36575922
0.36575922
0.36575922
0.36575922
0.36575922
0.36575922
0.36575922
0.36575922
0.36575922
0.36575922
0.36575922
0.36575922
0.36575922
0.36575922
0.36575922
0.36575922
0.36575922
0.36575922
0.36575922
0.36575922
0.36575922
0.36575922
0.36575922
0.36575922
0.36575922
0.36575922
0.36575922
0.36575922
0.36575922
0.36575922
0.36575922
0.36575922
0.36575922
0.36575922
0.36575922
0.36575922
0.36575922
0.36575922
0.36575922
0.36575922
0.36575922
0.36575922
0.36575922
0.36575922
0.36575922
0.36585528
0.36585528
0.36585528
0.36585528
0.36585528
0.36585528
0.36585528
0.36585528
0.36585528
0.36585528
0.36585528
0.36585528
0.36585528
0.36585528
0.36585528
0.36585528
0.36585528
0.36585528
0.36585528
0.36585528
0.36585528
0.36585528
0.36585528
0.36585528
0.36585528
0.36585528
0.36585528
0.36585528
0.36585528
0.36585528
0.36585528
0.36585528
0.36585528
0.36585528
0.36585528
0.36585528
0.36585528
0.36585528
0.36585528
0.36585528
0.36585528
0.36585528
0.36585528
0.36585528
0.36585528
0.36585528
0.36585528
0.36585528
0.36585528
0.36585528
0.36585528
0.36585528
0.36585528
0.36585528
0.36585528
0.36585528
0.36585528
0.36585528
0.36585528
0.36585528
0.36585528
0.36585528
0.36585528
0.36585528
0.36585528
0.36585528
0.36585528
0.36585528
0.36585528
0.36585528
0.36585528
0.36585528
0.36585528
0.39238843
0.39238843
0.39238843
0.39238843
0.39238843
0.39238843
0.39238843
0.39238843
0.39238843
0.39238843
0.39238843
0.39238843
0.39238843
0.39238843
0.39238843
0.39238843
0.39238843
0.39238843
0.39238843
0.39238843
0.39238843
0.39238843
0.39238843
0.39238843
0.39238843
0.39238843
0.39238843
0.39238843
0.39238843
0.39362293
0.39362293
0.39362293
0.39362293
0.39362293
0.39362293
0.39362293
0.39362293
0.39362293
0.39362293
0.39362293
0.39362293
0.3968173
0.3968173
0.3968173
0.3968173
0.3968173
0.3968173
0.3968173
0.3968173
0.3968173
0.3968173
0.3968173
0.3968173
0.3968173
0.3968173
0.3968173
0.3968173
0.3968173
0.3968173
0.3968173
0.3968173
0.3968173
0.3968173
0.3968173
0.3968173
0.3968173
0.40227005
0.40227005
0.40227005
0.40227005
0.40227005
0.40227005
0.40227005
0.40227005
0.40227005
0.40227005
0.40227005
0.40227005
0.40227005
0.40227005
0.40227005
0.40227005
0.40227005
0.40227005
0.40227005
0.40227005
0.40227005
0.40227005
0.40227005
0.40227005
0.40227005
0.40227005
0.40227005
0.40227005
0.40227005
0.40227005
0.40227005
0.40227005
0.40227005
0.40227005
0.40227005
0.40227005
0.40227005
0.40227005
0.40227005
0.40227005
0.40227005
0.40227005
0.40227005
0.40227005
0.40227005
0.40227005
0.40227005
0.40227005
0.40227005
0.40227005
0.406022
0.406022
0.406022
0.406022
0.406022
0.406022
0.406022
0.406022
0.406022
0.406022
0.406022
0.406022
0.406022
0.406022
0.406022
0.406022
0.406022
0.406022
0.406022
0.406022
0.406022
0.406022
0.406022
0.406022
0.406022
0.406022
0.406022
0.406022
0.406022
0.406022
0.406022
0.406022
0.406022
0.406022
0.406022
0.406022
0.406022
0.406022
0.406022
0.406022
0.406022
0.406022
0.406022
0.406022
0.406022
0.406022
0.406022
0.406022
0.406022
0.406022
0.406022
0.406022
0.406022
0.406022
0.406022
0.406022
0.406022
0.406022
0.406022
0.406022
0.406022
0.406022
0.406022
0.406022
0.406022
0.406022
0.406022
0.406022
0.406022
0.406022
0.406022
0.406022
0.406022
0.406022
0.406022
0.406022
0.406022
0.406022
0.406022
0.406022
0.406022
0.406022
0.406022
0.406022
0.406022
0.406022
0.406022
0.406022
0.406022
0.406022
0.406022
0.406022
0.406022
0.406022
0.406022
0.406022
0.406022
0.406022
0.406022
0.406022
0.406022
0.406022
0.406022
0.406022
0.406022
0.406022
0.406022
0.406022
0.406022
0.406022
0.406022
0.406022
0.406022
0.406022
0.406022
0.406022
0.406022
0.406022
0.406022
0.406022
0.406022
0.406022
0.406022
0.406022
0.406022
0.406022
0.406022
0.406022
0.406022
0.406022
0.406022
0.406022
0.406022
0.40763372
0.40763372
0.40763372
0.40763372
0.40763372
0.40763372
0.40763372
0.40763372
0.40763372
0.40763372
0.40763372
0.40763372
0.4109255
0.4109255
0.4109255
0.4109255
0.4109255
0.4109255
0.4109255
0.4109255
0.4109255
0.4109255
0.4109255
0.4109255
0.4109255
0.4109255
0.4109255
0.4109255
0.4109255
0.4109255
0.4109255
0.4109255
0.4109255
0.4109255
0.4109255
0.4109255
0.4109255
0.4109255
0.4109255
0.4109255
0.4109255
0.4109255
0.4109255
0.4109255
0.4109255
0.4109255
0.4109255
0.4109255
0.4109255
0.4109255
0.4109255
0.4109255
0.4109255
0.4109255
0.4109255
0.4109255
0.4109255
0.4109255
0.4109255
0.4109255
0.41642782
0.41642782
0.41642782
0.41642782
0.41642782
0.41642782
0.41642782
0.41642782
0.41642782
0.41642782
0.41642782
0.41642782
0.41642782
0.41642782
0.41642782
0.41642782
0.41642782
0.41642782
0.41642782
0.41642782
0.41642782
0.41642782
0.41642782
0.41642782
0.41642782
0.41642782
0.41642782
0.41642782
0.41642782
0.41642782
0.41642782
0.41642782
0.41642782
0.41642782
0.41642782
0.41642782
0.41642782
0.41642782
0.41642782
0.41642782
0.41642782
0.41642782
0.41642782
0.41642782
0.41642782
0.41642782
0.41642782
0.41642782
0.41642782
0.41642782
0.41642782
0.41642782
0.41642782
0.41642782
0.41642782
0.41642782
0.41642782
0.41642782
0.41642782
0.41642782
0.41642782
0.41642782
0.41642782
0.41642782
0.41642782
0.41642782
0.41642782
0.41642782
0.41642782
0.41642782
0.41642782
0.41642782
0.41642782
0.41642782
0.41642782
0.41642782
0.41642782
0.41642782
0.41642782
0.41642782
0.41642782
0.41642782
0.41642782
0.41780338
0.41780338
0.41780338
0.41780338
0.41780338
0.41780338
0.41780338
0.41780338
0.41780338
0.41780338
0.41780338
0.41780338
0.41780338
0.41780338
0.41780338
0.41780338
0.41780338
0.41780338
0.41780338
0.41780338
0.41780338
0.41780338
0.41780338
0.42027104
0.42027104
0.42027104
0.42027104
0.42027104
0.42027104
0.42027104
0.42027104
0.42027104
0.42027104
0.42027104
0.42027104
0.42027104
0.42027104
0.42027104
0.42027104
0.42027104
0.42027104
0.42027104
0.42027104
0.42027104
0.42027104
0.42027104
0.42027104
0.42027104
0.42027104
0.42027104
0.42027104
0.42027104
0.42027104
0.42408162
0.42408162
0.42408162
0.42408162
0.42408162
0.42408162
0.42408162
0.42408162
0.42408162
0.42408162
0.42408162
0.42408162
0.42408162
0.42408162
0.42408162
0.42408162
0.42408162
0.42408162
0.42408162
0.42408162
0.42408162
0.42408162
0.42408162
0.42408162
0.42408162
0.42408162
0.42408162
0.42408162
0.42408162
0.42408162
0.42408162
0.42408162
0.42408162
0.42408162
0.42509994
0.42509994
0.42509994
0.42509994
0.42509994
0.42509994
0.42509994
0.42509994
0.42509994
0.42509994
0.42509994
0.42509994
0.42509994
0.42509994
0.44233593
0.44233593
0.44233593
0.44233593
0.44233593
0.44233593
0.44233593
0.44233593
0.44233593
0.44233593
0.44233593
0.44233593
0.44233593
0.44233593
0.44233593
0.44233593
0.44233593
0.44233593
0.44233593
0.44233593
0.44233593
0.44233593
0.44233593
0.44233593
0.44233593
0.44233593
0.44233593
0.44233593
0.44233593
0.44233593
0.44233593
0.44233593
0.44233593
0.44233593
0.44233593
0.44233593
0.44233593
0.44233593
0.44233593
0.44233593
0.44233593
0.44233593
0.44233593
0.44233593
0.44233593
0.44233593
0.44233593
0.44233593
0.44233593
0.44233593
0.44233593
0.44233593
0.44233593
0.44233593
0.44233593
0.44233593
0.44233593
0.44233593
0.44233593
0.44233593
0.44381976
0.44381976
0.44381976
0.44381976
0.44381976
0.44381976
0.44381976
0.44381976
0.44381976
0.44381976
0.44381976
0.44381976
0.44381976
0.44381976
0.44381976
0.44381976
0.44381976
0.44381976
0.44381976
0.44381976
0.44381976
0.44381976
0.44381976
0.44381976
0.44381976
0.44381976
0.44381976
0.44381976
0.44381976
0.44381976
0.44381976
0.44381976
0.44381976
0.44381976
0.44313905
0.44313905
0.44313905
0.44313905
0.44313905
0.44313905
0.44313905
0.44313905
0.44313905
0.44313905
0.44313905
0.44313905
0.44313905
0.44313905
0.44313905
0.44313905
0.44313905
0.44313905
0.44313905
0.44313905
0.44313905
0.44313905
0.44313905
0.44313905
0.44313905
0.44313905
0.44313905
0.44313905
0.44313905
0.44313905
0.44313905
0.44313905
0.44313905
0.44313905
0.44313905
0.44313905
0.44313905
0.44313905
0.44313905
0.44313905
0.44313905
0.44313905
0.44313905
0.44313905
0.44313905
0.44313905
0.44313905
0.44313905
0.44313905
0.44313905
0.44313905
0.44313905
0.44313905
0.44313905
0.44313905
0.44313905
0.44313905
0.44313905
0.44313905
0.44313905
0.44313905
0.44313905
0.44313905
0.44313905
0.44313905
0.44313905
0.44313905
0.44313905
0.44313905
0.44313905
0.47834682
0.47834682
0.47834682
0.47834682
0.47834682
0.47834682
0.47834682
0.47914538
0.47914538
0.47914538
0.47914538
0.47914538
0.47914538
0.47914538
0.47914538
0.47914538
0.47914538
0.47914538
0.47914538
0.47914538
0.47914538
0.47914538
0.47914538
0.47914538
0.47914538
0.47914538
0.47914538
0.47914538
0.47914538
0.47914538
0.47914538
0.47914538
0.47914538
0.47914538
0.48236054
0.48236054
0.48236054
0.48236054
0.48236054
0.48236054
0.48236054
0.48236054
0.48236054
0.48236054
0.48236054
0.48236054
0.48236054
0.48236054
0.48236054
0.48236054
0.48236054
0.48236054
0.48236054
0.48236054
0.48236054
0.48236054
0.48236054
0.48236054
0.48236054
0.48236054
0.48236054
0.48236054
0.48236054
0.48236054
0.48236054
0.48236054
0.48236054
0.48236054
0.48236054
0.48236054
0.48236054
0.48236054
0.48236054
0.48236054
0.48236054
0.48236054
0.48236054
0.48236054
0.48236054
0.48236054
0.48236054
0.48236054
0.48236054
0.48236054
0.48236054
0.48236054
0.48236054
0.48236054
0.48236054
0.48236054
0.48236054
0.48236054
0.48236054
0.48236054
0.48236054
0.48236054
0.48236054
0.48236054
0.48236054
0.48236054
0.48236054
0.48236054
0.48236054
0.48236054
0.48236054
0.48236054
0.48236054
0.48236054
0.48236054
0.48236054
0.48236054
0.48147386
0.48147386
0.48147386
0.48147386
0.48147386
0.48147386
0.48147386
0.48147386
0.48147386
0.48147386
0.47284585
0.47284585
0.47284585
0.47284585
0.47284585
0.47284585
0.47284585
0.47284585
0.47284585
0.47284585
0.47284585
0.47284585
0.47284585
0.47284585
0.47284585
0.47284585
0.47284585
0.47284585
0.47284585
0.47284585
0.47284585
0.47284585
0.47284585
0.47284585
0.47284585
0.47284585
0.47284585
0.47284585
0.47284585
0.47284585
0.47284585
0.47284585
0.47284585
0.47284585
0.47284585
0.47284585
0.47284585
0.47284585
0.47284585
0.47284585
0.47284585
0.47284585
0.47284585
0.47284585
0.47284585
0.47284585
0.47284585
0.47284585
0.47284585
0.47284585
0.47284585
0.47284585
0.47284585
0.47284585
0.47284585
0.47284585
0.47284585
0.47284585
0.47284585
0.47284585
0.47284585
0.47284585
0.47284585
0.47284585
0.47284585
0.47284585
0.47284585
0.47284585
0.47284585
0.47284585
0.47284585
0.47284585
0.47284585
0.47284585
0.47284585
0.47284585
0.47284585
0.47284585
0.47284585
0.47284585
0.47284585
0.47284585
0.47284585
0.47284585
0.47118402
0.47118402
0.47118402
0.47118402
0.47118402
0.47118402
0.47118402
0.47118402
0.47118402
0.47118402
0.47118402
0.47118402
0.47118402
0.47118402
0.47118402
0.47118402
0.47118402
0.47118402
0.47118402
0.47118402
0.47118402
0.47118402
0.47118402
0.47118402
0.47118402
0.47118402
0.47118402
0.47118402
0.47118402
0.47118402
0.47118402
0.47118402
0.47118402
0.47118402
0.47118402
0.47118402
0.47118402
0.47118402
0.47118402
0.47118402
0.47118402
0.47118402
0.47118402
0.47118402
0.47118402
0.47118402
0.47118402
0.47118402
0.47118402
0.47118402
0.47118402
0.47118402
0.47118402
0.47118402
0.47118402
0.47118402
0.47118402
0.47118402
0.47118402
0.47118402
0.47118402
0.47118402
0.47118402
0.47118402
0.47118402
0.47118402
0.47118402
0.47118402
0.47118402
0.47118402
0.47118402
0.47118402
0.47118402
0.47118402
0.47118402
0.47118402
0.47118402
0.47118402
0.47118402
0.47118402
0.47118402
0.47118402
0.47118402
0.47118402
0.47118402
0.47118402
0.47118402
0.47118402
0.47118402
0.47118402
0.47118402
0.47118402
0.47118402
0.47118402
0.47118402
0.47118402
0.47118402
0.47118402
0.47118402
0.47118402
0.47118402
0.47118402
0.47118402
0.47118402
0.47118402
0.47118402
0.47118402
0.47118402
0.47118402
0.47118402
0.47118402
0.47118402
0.47118402
0.47118402
0.47118402
0.47118402
0.47118402
0.47118402
0.47118402
0.47118402
0.47118402
0.47118402
0.47118402
0.47118402
0.47118402
0.47118402
0.47118402
0.47118402
0.47118402
0.47118402
0.47118402
0.47118402
0.47118402
0.47118402
0.47118402
0.47118402
0.47118402
0.47118402
0.47118402
0.47118402
0.47118402
0.47118402
0.47118402
0.47118402
0.47118402
0.47118402
0.47118402
0.47118402
0.47118402
0.47118402
0.47118402
0.47118402
0.47118402
0.47118402
0.47118402
0.47118402
0.47118402
0.47118402
0.47118402
0.47118402
0.47118402
0.47224957
0.47224957
0.47224957
0.47224957
0.47224957
0.47224957
0.47224957
0.47224957
0.47224957
0.47224957
0.47224957
0.47224957
0.47224957
0.47224957
0.47224957
0.47224957
0.47224957
0.47224957
0.47224957
0.47224957
0.47224957
0.47224957
0.47224957
0.47224957
0.47224957
0.47224957
0.47224957
0.47224957
0.47224957
0.47224957
0.47224957
0.47224957
0.47224957
0.47224957
0.47224957
0.47224957
0.47224957
0.47224957
0.47224957
0.47224957
0.47224957
0.47224957
0.47224957
0.47224957
0.47224957
0.47224957
0.47224957
0.47224957
0.47224957
0.47251496
0.47251496
0.47251496
0.47251496
0.47251496
0.47251496
0.47251496
0.47251496
0.47251496
0.47251496
0.47251496
0.47251496
0.47251496
0.47251496
0.47251496
0.47251496
0.47251496
0.47251496
0.47251496
0.47251496
0.47251496
0.47251496
0.47251496
0.47251496
0.47251496
0.47251496
0.47251496
0.47251496
0.47251496
0.47251496
0.47251496
0.47251496
0.47251496
0.47251496
0.47251496
0.47251496
0.47251496
0.47251496
0.47251496
0.47251496
0.47251496
0.47251496
0.47251496
0.47251496
0.47305286
0.47305286
0.47398728
0.47398728
0.47398728
0.47398728
0.47398728
0.47398728
0.47398728
0.47398728
0.47398728
0.47398728
0.47398728
0.47601193
0.47601193
0.47601193
0.47601193
0.47601193
0.47601193
0.47601193
0.47601193
0.47601193
0.47601193
0.47601193
0.47601193
0.47601193
0.47601193
0.47601193
0.47601193
0.47601193
0.47601193
0.47601193
0.47601193
0.47601193
0.47601193
0.47601193
0.47601193
0.47601193
0.47601193
0.47601193
0.47601193
0.47601193
0.47601193
0.47601193
0.47601193
0.47601193
0.47601193
0.47601193
0.47601193
0.47601193
0.47601193
0.47601193
0.47601193
0.47601193
0.47601193
0.47601193
0.47601193
0.47601193
0.47601193
0.47601193
0.47601193
0.47601193
0.47601193
0.47601193
0.47601193
0.47601193
0.47601193
0.47601193
0.47601193
0.47601193
0.47601193
0.47601193
0.47601193
0.47601193
0.47601193
0.47601193
0.47601193
0.47601193
0.47601193
0.47601193
0.47601193
0.47601193
0.47601193
0.47601193
0.47601193
0.47601193
0.47601193
0.47601193
0.47601193
0.47601193
0.47601193
0.47601193
0.47601193
0.47601193
0.47601193
0.47601193
0.47601193
0.47601193
0.47601193
0.47601193
0.47601193
0.47601193
0.47601193
0.47601193
0.47601193
0.47601193
0.47601193
0.47601193
0.47601193
0.47601193
0.47601193
0.47601193
0.47601193
0.47601193
0.47601193
0.47601193
0.47601193
0.47601193
0.47601193
0.47601193
0.47601193
0.47601193
0.47601193
0.47601193
0.47601193
0.47601193
0.47601193
0.47601193
0.47601193
0.47601193
0.47601193
0.47601193
0.47601193
0.47601193
0.47601193
0.47601193
0.47601193
0.47601193
0.47601193
0.47601193
0.47601193
0.47601193
0.47601193
0.47601193
0.47601193
0.47601193
0.47601193
0.47601193
0.47601193
0.47601193
0.47601193
0.47601193
0.47601193
0.47601193
0.47601193
0.47601193
0.47601193
0.47601193
0.47601193
0.47601193
0.47601193
0.47601193
0.47601193
0.47601193
0.47601193
0.47601193
0.47601193
0.47601193
0.47601193
0.47601193
0.47601193
0.47601193
0.47601193
0.47601193
0.47601193
0.47601193
0.47601193
0.47601193
0.47601193
0.47601193
0.47601193
0.47601193
0.47601193
0.47601193
0.47662976
0.47662976
0.47662976
0.47662976
0.47662976
0.47662976
0.47662976
0.47662976
0.47662976
0.47662976
0.47662976
0.47662976
0.47662976
0.47662976
0.47662976
0.47662976
0.47662976
0.47662976
0.47662976
0.47662976
0.47662976
0.47662976
0.47662976
0.47662976
0.47662976
0.47662976
0.47662976
0.47662976
0.47662976
0.47662976
0.47662976
0.47662976
0.47662976
0.47662976
0.47662976
0.47662976
0.47662976
0.47662976
0.47662976
0.47662976
0.47662976
0.47662976
0.47662976
0.47694248
0.47694248
0.47694248
0.47694248
0.47694248
0.47694248
0.47694248
0.47694248
0.47694248
0.47694248
0.47694248
0.47694248
0.47694248
0.47694248
0.47694248
0.47694248
0.47694248
0.47694248
0.47694248
0.47694248
0.47694248
0.47694248
0.47694248
0.47694248
0.47694248
0.47694248
0.47694248
0.47694248
0.47694248
0.47694248
0.47694248
0.47694248
0.47694248
0.47694248
0.47694248
0.47694248
0.47694248
0.47694248
0.47694248
0.47694248
0.47694248
0.47694248
0.47694248
0.47694248
0.47694248
0.47694248
0.47694248
0.47694248
0.47694248
0.47694248
0.47694248
0.47694248
0.47694248
0.4770955
0.4770955
0.4770955
0.4770955
0.4770955
0.4770955
0.4770955
0.4770955
0.4770955
0.4770955
0.4770955
0.4770955
0.4770955
0.4770955
0.4770955
0.4770955
0.4770955
0.4770955
0.4770955
0.4770955
0.4770955
0.4770955
0.4770955
0.4770955
0.4770955
0.4770955
0.4770955
0.4770955
0.4770955
0.4770955
0.4770955
0.4770955
0.4770955
0.4770955
0.4770955
0.4770955
0.4770955
0.4770955
0.4770955
0.4770955
0.4770955
0.4770955
0.4770955
0.4770955
0.4770955
0.4770955
0.4779476
0.4779476
0.4779476
0.4779476
0.4779476
0.4779476
0.4779476
0.4779476
0.4779476
0.4779476
0.4779476
0.4779476
0.4779476
0.4779476
0.4779476
0.4779476
0.4779476
0.4779476
0.4779476
0.4779476
0.4779476
0.4779476
0.4779476
0.4779476
0.4779476
0.4779476
0.4779476
0.4779476
0.4779476
0.4779476
0.4779476
0.4785702
0.4785702
0.4785702
0.4785702
0.4785702
0.4785702
0.4785702
0.4785702
0.4785702
0.4785702
0.4785702
0.4785702
0.4785702
0.4785702
0.4785702
0.4785702
0.4785702
0.4785702
0.4785702
0.4785702
0.4785702
0.4785702
0.4785702
0.4785702
0.4785702
0.4785702
0.4785702
0.4785702
0.4785702
0.4785702
0.4785702
0.4785702
0.4785702
0.4785702
0.4785702
0.4785702
0.4785702
0.4785702
0.4785702
0.4785702
0.4785702
0.47919506
0.47919506
0.47919506
0.47919506
0.47919506
0.47919506
0.47919506
0.47919506
0.47919506
0.47919506
0.47919506
0.47919506
0.47919506
0.47919506
0.47919506
0.47919506
0.47919506
0.47919506
0.47919506
0.47919506
0.47919506
0.47919506
0.47919506
0.47919506
0.47919506
0.47919506
0.47919506
0.47919506
0.47919506
0.47919506
0.47919506
0.47919506
0.47919506
0.47919506
0.47919506
0.47919506
0.47919506
0.47919506
0.47919506
0.47919506
0.47919506
0.47919506
0.47919506
0.47919506
0.47919506
0.47919506
0.47919506
0.47919506
0.47919506
0.47919506
0.47919506
0.47919506
0.47919506
0.47919506
0.47919506
0.47919506
0.47919506
0.47919506
0.47919506
0.47919506
0.47919506
0.47919506
0.47919506
0.47919506
0.47919506
0.47919506
0.47919506
0.47919506
0.47919506
0.47919506
0.47919506
0.47919506
0.47919506
0.47919506
0.47919506
0.47919506
0.47919506
0.47919506
0.47919506
0.47919506
0.47919506
0.47919506
0.47919506
0.47919506
0.47919506
0.47919506
0.47919506
0.47919506
0.47919506
0.47919506
0.47919506
0.47919506
0.47919506
0.47919506
0.47919506
0.47919506
0.47919506
0.47919506
0.47919506
0.47919506
0.47919506
0.47919506
0.47919506
0.47919506
0.47919506
0.47919506
0.47919506
0.47919506
0.47919506
0.47919506
0.47919506
0.47919506
0.47919506
0.47919506
0.47919506
0.47919506
0.47919506
0.47919506
0.47919506
0.47919506
0.47919506
0.47919506
0.47919506
0.47919506
0.47919506
0.47919506
0.47919506
0.47919506
0.47919506
0.47919506
0.47919506
0.47919506
0.47919506
0.47919506
0.47919506
0.47919506
0.47919506
0.47919506
0.47919506
0.47919506
0.47919506
0.47919506
0.47919506
0.47919506
0.47919506
0.47919506
0.47919506
0.47919506
0.47919506
0.47919506
0.47919506
0.47919506
0.47919506
0.47919506
0.47919506
0.47919506
0.47919506
0.47919506
0.47919506
0.47919506
0.47919506
0.47919506
0.47919506
0.47919506
0.47919506
0.47919506
0.47919506
0.47919506
0.47919506
0.47919506
0.47919506
0.47919506
0.47919506
0.47919506
0.47919506
0.47919506
0.47919506
0.47919506
0.47919506
0.47919506
0.47919506
0.47919506
0.47919506
0.47919506
0.47919506
0.47919506
0.47919506
0.47970486
0.47970486
0.47970486
0.47970486
0.47970486
0.47970486
0.47970486
0.47970486
0.47970486
0.47970486
0.47970486
0.47970486
0.47970486
0.47970486
0.47970486
0.47970486
0.47970486
0.47970486
0.47970486
0.47970486
0.47970486
0.47970486
0.47970486
0.47970486
0.47970486
0.47970486
0.47970486
0.47970486
0.47970486
0.47970486
0.47970486
0.47970486
0.47970486
0.47970486
0.47970486
0.47970486
0.47970486
0.47970486
0.47970486
0.47970486
0.47970486
0.47970486
0.47970486
0.47970486
0.47970486
0.47970486
0.47970486
0.47970486
0.47970486
0.47970486
0.47970486
0.47970486
0.47970486
0.47970486
0.47970486
0.47970486
0.47970486
0.47970486
0.47970486
0.47970486
0.47970486
0.47970486
0.47970486
0.47970486
0.47970486
0.47970486
0.47970486
0.47970486
0.47970486
0.47970486
0.47970486
0.47970486
0.47970486
0.47970486
0.47970486
0.47970486
0.47970486
0.47970486
0.47970486
0.47970486
0.47970486
0.47970486
0.47970486
0.47970486
0.47970486
0.47970486
0.47970486
0.47970486
0.47970486
0.47970486
0.47970486
0.47970486
0.47970486
0.47970486
0.47970486
0.47970486
0.47970486
0.47970486
0.47970486
0.47970486
0.47970486
0.47970486
0.47970486
0.47970486
0.47970486
0.47970486
0.47970486
0.47970486
0.47970486
0.47970486
0.47970486
0.47970486
0.47970486
0.47970486
0.47970486
0.47970486
0.47970486
0.47970486
0.47970486
0.47970486
0.47970486
0.47970486
0.47970486
0.47970486
0.47970486
0.47970486
0.47970486
0.47970486
0.47970486
0.47970486
0.47970486
0.47970486
0.47970486
0.47970486
0.47970486
0.47970486
0.47970486
0.47970486
0.47970486
0.48219597
0.48219597
0.48219597
0.48219597
0.48219597
0.48219597
0.48219597
0.48219597
0.48219597
0.48219597
0.48219597
0.48219597
0.48219597
0.48219597
0.48219597
0.48219597
0.48219597
0.48219597
0.48219597
0.48219597
0.48219597
0.48219597
0.48219597
0.48219597
0.48219597
0.48219597
0.48219597
0.48219597
0.48219597
0.48219597
0.48219597
0.48219597
0.48219597
0.48219597
0.48219597
0.48219597
0.48219597
0.48219597
0.48219597
0.48219597
0.48219597
0.48219597
0.48219597
0.48219597
0.48219597
0.48219597
0.48219597
0.48219597
0.48219597
0.48219597
0.48219597
0.48219597
0.48219597
0.48219597
0.48219597
0.48219597
0.48219597
0.48219597
0.48219597
0.48219597
0.48219597
0.48219597
0.48219597
0.48219597
0.48219597
0.48219597
0.48219597
0.48219597
0.48219597
0.48219597
0.48219597
0.48219597
0.48219597
0.48219597
0.48219597
0.48219597
0.48219597
0.48219597
0.48219597
0.48219597
0.48219597
0.48219597
0.48219597
0.48219597
0.48219597
0.48219597
0.48219597
0.48219597
0.48219597
0.48219597
0.48219597
0.48219597
0.48219597
0.48219597
0.48219597
0.48219597
0.48219597
0.48219597
0.48219597
0.48219597
0.48219597
0.48219597
0.48219597
0.48219597
0.48219597
0.48219597
0.48219597
0.48219597
0.48219597
0.48219597
0.48219597
0.48219597
0.48219597
0.48219597
0.48219597
0.48219597
0.48219597
0.48219597
0.48219597
0.48219597
0.48219597
0.48219597
0.48219597
0.48219597
0.48219597
0.48219597
0.48219597
0.48219597
0.48219597
0.48219597
0.48219597
0.48219597
0.48219597
0.48219597
0.48219597
0.48219597
0.48219597
0.48219597
0.48219597
0.48219597
0.48219597
0.48419234
0.48419234
0.48419234
0.48419234
0.48419234
0.48419234
0.48419234
0.48419234
0.48419234
0.48419234
0.48419234
0.48419234
0.48419234
0.48419234
0.48419234
0.48419234
0.48419234
0.48419234
0.48419234
0.48419234
0.48419234
0.48419234
0.48419234
0.48419234
0.48419234
0.48419234
0.48419234
0.48419234
0.48419234
0.48419234
0.48419234
0.48419234
0.48419234
0.48419234
0.48419234
0.48419234
0.48419234
0.48419234
0.48419234
0.48419234
0.48419234
0.48419234
0.48419234
0.48419234
0.48419234
0.48419234
0.48419234
0.48419234
0.48419234
0.48419234
0.48419234
0.48419234
0.48419234
0.48419234
0.48419234
0.48419234
0.48419234
0.48419234
0.48419234
0.48419234
0.48419234
0.48419234
0.48419234
0.48419234
0.48419234
0.48419234
0.48419234
0.48419234
0.48419234
0.48419234
0.48419234
0.48419234
0.48419234
0.48419234
0.48419234
0.48419234
0.48419234
0.48419234
0.48419234
0.48419234
0.48419234
0.48419234
0.48419234
0.48419234
0.48419234
0.48419234
0.48419234
0.48419234
0.48419234
0.48419234
0.48419234
0.48419234
0.48419234
0.48419234
0.48419234
0.48419234
0.48419234
0.48419234
0.48419234
0.48419234
0.48419234
0.48419234
0.48419234
0.48419234
0.48419234
0.48419234
0.48419234
0.48419234
0.48419234
0.48419234
0.48419234
0.48419234
0.48419234
0.48419234
0.48419234
0.48419234
0.48419234
0.48419234
0.48419234
0.48419234
0.48419234
0.48419234
0.48419234
0.48419234
0.48419234
0.48419234
0.48419234
0.48419234
0.48419234
0.48419234
0.48419234
0.48419234
0.48419234
0.48419234
0.48419234
0.48419234
0.48419234
0.48419234
0.48419234
0.48419234
0.48419234
0.48419234
0.48419234
0.48419234
0.48419234
0.48419234
0.48419234
0.48419234
0.48419234
0.48419234
0.48419234
0.48419234
0.48419234
0.48419234
0.48419234
0.48419234
0.48419234
0.48419234
0.48419234
0.48419234
0.48419234
0.48419234
0.48419234
0.48419234
0.48419234
0.48419234
0.48419234
0.48419234
0.48419234
0.48419234
0.48419234
0.48419234
0.48419234
0.48419234
0.48419234
0.48419234
0.48419234
0.48419234
0.48419234
0.48419234
0.48419234
0.48419234
0.48419234
0.48419234
0.48419234
0.48419234
0.48419234
0.48419234
0.48419234
0.48419234
0.48419234
0.48419234
0.48419234
0.48419234
0.48419234
0.48419234
0.48419234
0.48419234
0.48419234
0.48419234
0.48419234
0.48419234
0.48419234
0.48419234
0.48419234
0.48419234
0.48419234
0.48419234
0.48419234
0.48419234
0.48419234
0.48419234
0.48419234
0.48419234
0.48419234
0.48419234
0.48419234
0.48419234
0.48419234
0.48419234
0.48419234
0.48419234
0.48419234
0.48419234
0.48419234
0.48419234
0.48419234
0.48419234
0.48419234
0.48419234
0.48419234
0.48419234
0.48419234
0.48419234
0.48419234
0.48419234
0.48419234
0.48419234
0.48419234
0.48419234
0.48419234
0.48419234
0.48419234
0.48419234
0.48419234
0.48419234
0.48419234
0.48419234
0.48419234
0.48419234
0.48419234
0.48419234
0.48419234
0.48419234
0.48419234
0.48419234
0.48419234
0.48419234
0.48419234
0.48419234
0.48419234
0.48419234
0.48419234
0.48419234
0.48419234
0.48419234
0.48419234
0.48419234
0.48419234
0.48419234
0.48419234
0.48419234
0.48419234
0.48419234
0.48419234
0.48419234
0.48419234
0.48419234
0.48419234
0.48419234
0.48419234
0.48419234
0.48419234
0.48419234
0.48419234
0.48419234
0.48419234
0.48419234
0.48419234
0.48419234
0.48419234
0.48419234
0.48419234
0.48419234
0.48419234
0.48419234
0.48419234
0.48419234
0.48419234
0.48419234
0.48419234
0.48419234
0.48419234
0.48419234
0.48419234
0.48419234
0.48419234
0.48419234
0.48419234
0.48419234
0.48419234
0.48419234
0.48419234
0.48419234
0.48419234
0.48419234
0.48419234
0.48419234
0.48419234
0.48419234
0.48419234
0.48419234
0.48419234
0.48419234
0.48419234
0.48419234
0.48419234
0.48419234
0.48419234
0.48419234
0.48419234
0.48419234
0.48419234
0.48419234
0.48419234
0.48419234
0.48419234
0.48419234
0.48419234
0.48419234
0.48419234
0.48419234
0.48419234
0.48419234
0.48419234
0.48419234
0.48419234
0.48419234
0.48419234
0.48419234
0.48419234
0.48419234
0.48419234
0.48419234
0.48419234
0.48419234
0.48419234
0.48419234
0.48419234
0.48419234
0.48419234
0.48419234
0.48419234
0.48419234
0.48419234
0.48419234
0.48419234
0.48419234
0.48419234
0.48419234
0.48419234
0.48419234
0.48419234
0.48419234
0.48419234
0.48419234
0.48419234
0.48419234
0.48419234
0.48419234
0.48419234
0.48419234
0.48419234
0.48419234
0.48419234
0.48419234
0.48419234
0.48419234
0.48419234
0.48419234
0.48419234
0.48419234
0.48419234
0.48419234
0.48419234
0.48419234
0.48419234
0.48419234
0.48419234
0.48419234
0.48419234
0.48419234
0.48419234
0.48419234
0.48419234
0.48419234
0.48419234
0.48419234
0.48419234
0.48419234
0.48419234
0.48419234
0.48419234
0.48419234
0.48419234
0.48419234
0.48419234
0.48419234
0.48419234
0.48419234
0.48419234
0.48419234
0.48419234
0.48419234
0.48419234
0.48419234
0.48419234
0.48419234
0.48419234
0.48419234
0.48419234
0.48419234
0.48419234
0.48419234
0.48419234
0.48419234
0.48419234
0.48419234
0.48419234
0.48419234
0.48419234
0.48419234
0.48419234
0.48419234
0.48419234
0.48419234
0.48419234
0.48419234
0.48419234
0.48419234
0.48419234
0.48419234
0.48419234
0.48419234
0.48419234
0.48419234
0.48419234
0.48419234
0.48419234
0.48419234
0.48419234
0.48419234
0.48419234
0.48419234
0.48419234
0.48419234
0.48419234
0.48419234
0.48419234
0.48419234
0.48419234
0.48419234
0.48419234
0.48419234
0.48419234
0.48419234
0.48419234
0.48419234
0.48419234
0.48419234
0.48419234
0.48419234
0.48419234
0.48419234
0.48419234
0.48419234
0.48419234
0.48419234
0.48419234
0.48419234
0.48419234
0.48419234
0.48419234
0.48419234
0.48419234
0.48419234
0.48419234
0.48419234
0.48419234
0.48419234
0.48419234
